2
15
681
2172
3040
3377
3757
4264
4313
4482
4496
4576
6223
7435
11025
11062
12093
12174
13945
14978
15552
16510
16715
16816
16917
16943
17097
-1
-1
19439
19450
-1
-1
21743
21784
23124
-1
23125
-1
-1
14413
-1
-1
25379
-1
-1
26999
-1
-1
-1
28076
-1
28167
-1
32070
-1
32071
-1
-1
33159
36199
-1
-1
36904
-1
37997
38021
-1
-1
35601
46383
46384
46412
-1
47265
-1
47267
48043
48068
-1
-1
-1
48949
-1
-1
52575
52615
56358
-1
-1
-1
-1
56365
-1
-1
57485
58158
-1
58159
58702
58704
-1
58728
58960
58964
59134
59184
59561
59719
59745
59855
59950
59958
60013
60030
60049
60877
61420
63121
63157
63975
64201
64659
65038
65293
65767
66024
66032
67615
67695
67700
-1
-1
-1
68675
-1
-1
-1
69436
70480
-1
70484
-1
-1
71591
-1
-1
73075
-1
-1
73983
-1
-1
-1
74555
-1
74560
-1
-1
-1
75991
-1
-1
76997
77070
-1
-1
77466
78280
78282
78388
-1
-1
79180
-1
-1
80485
-1
81122
-1
81131
-1
81421
-1
-1
-1
82950
-1
-1
-1
85594
-1
-1
86291
-1
-1
86295
-1
-1
87892
87894
-1
87896
-1
88422
-1
88423
-1
90448
90492
90525
90766
91020
91022
91026
91098
91102
91103
91108
91115
91372
92455
97782
97876
-1
97894
98416
99081
-1
99197
99217
99220
99232
99233
99247
-1
-1
-1
99741
-1
-1
100003
99949
-1
-1
-1
-1
-1
100133
-1
-1
-1
-1
-1
100470
-1
100882
-1
100883
-1
100889
-1
-1
-1
101375
-1
-1
101793
101885
102346
-1
102349
102403
102404
102627
102896
-1
102897
102996
-1
102998
103122
103125
-1
103133
-1
103170
-1
-1
-1
104990
-1
-1
106213
106216
-1
-1
107628
-1
-1
107639
-1
-1
-1
-1
-1
108617
-1
109187
-1
109188
-1
109454
112630
112635
112637
112638
-1
-1
115383
115385
-1
-1
117774
-1
117775
117802
120147
-1
120150
-1
-1
120153
-1
121334
-1
121335
-1
122070
-1
-1
-1
122863
-1
124223
124228
124230
124775
-1
-1
-1
-1
124776
-1
-1
-1
-1
128391
128392
-1
-1
-1
128764
-1
128850
128923
129353
129768
129953
130031
130141
130177
130188
130245
130247
130270
130558
130786
131033
131144
131681
131682
132632
133080
133259
134089
136300
136354
136641
136665
136699
-1
-1
-1
140732
143875
-1
143881
146199
-1
-1
147555
-1
149131
149287
-1
-1
152229
158397
159374
159571
-1
-1
-1
160548
-1
161156
-1
-1
-1
161157
-1
-1
-1
161159
-1
-1
-1
-1
-1
161160
-1
-1
-1
-1
-1
161162
-1
-1
-1
-1
-1
162308
-1
-1
-1
163651
-1
-1
169111
169658
-1
-1
-1
-1
-1
170286
-1
-1
-1
-1
-1
171347
171956
-1
-1
171957
-1
171979
174205
174208
176356
176358
179414
179415
179418
180896
182300
182303
182708
183413
183730
184175
185547
187872
188205
188217
188219
191474
195755
195766
-1
196244
197135
197141
-1
198966
198984
198985
-1
-1
201056
203074
203937
-1
203940
203945
-1
203948
-1
-1
205299
208613
-1
208649
-1
209563
-1
209805
210096
210107
210112
210140
210146
210168
-1
210169
210186
210190
210204
210205
210211
210537
210650
-1
225167
-1
225651
226213
226329
-1
226448
-1
226478
-1
226486
226495
-1
-1
-1
227335
-1
-1
-1
228432
-1
-1
229450
-1
-1
229454
-1
-1
229838
-1
-1
229844
-1
-1
-1
229931
-1
229935
-1
-1
-1
230996
-1
-1
231500
232202
-1
-1
232991
-1
-1
232992
-1
-1
233584
-1
-1
233804
-1
-1
-1
233849
-1
233879
-1
-1
-1
233978
-1
-1
-1
234115
-1
-1
-1
234164
-1
234165
-1
-1
-1
-1
-1
234168
-1
-1
-1
234169
-1
234264
-1
234499
234500
234501
-1
234665
-1
234666
-1
-1
-1
234700
234701
234703
234851
234858
234859
-1
234860
234875
234932
-1
-1
-1
-1
234935
-1
-1
-1
235067
-1
-1
235211
235212
-1
-1
235341
235342
-1
235343
-1
-1
-1
-1
-1
235706
-1
235730
-1
235739
-1
