-1
-1
-1
-1
-1
-1
-1
-1
-1
-1
-1
3
5
6
-1
-1
-1
7
-1
-1
-1
-1
-1
-1
-1
-1
16
95
121
122
161
207
-1
208
220
272
289
293
331
332
351
-1
-1
416
479
626
631
669
670
-1
671
-1
681
-1
840
-1
1098
-1
-1
1306
1454
-1
1541
1550
1560
1568
1575
-1
1657
1695
-1
1928
2106
-1
-1
-1
2154
-1
2173
-1
2250
2251
2324
2472
2475
2476
2497
2575
-1
2631
2638
2719
2735
2806
-1
2809
2850
2875
2877
2922
-1
-1
3029
3036
3041
-1
3044
3058
-1
3068
3072
-1
-1
-1
-1
3099
-1
3104
3109
3136
3140
3145
3331
3355
-1
3376
-1
-1
-1
-1
3377
-1
-1
-1
3382
3389
3527
-1
3529
-1
-1
3533
-1
-1
3546
-1
-1
3557
3584
3586
3753
-1
3755
-1
-1
3756
3757
-1
-1
3868
3869
-1
3903
3973
3981
-1
4009
4010
4043
4047
4082
4123
-1
4125
4236
-1
4237
-1
-1
-1
4257
-1
4266
-1
-1
-1
4272
-1
-1
-1
4278
-1
-1
4282
4283
4287
4288
-1
-1
4295
4298
4299
4301
-1
4311
-1
4312
-1
4314
-1
4316
4317
4327
-1
4328
-1
-1
-1
4338
4339
4362
4375
4381
-1
-1
4383
4454
4465
-1
-1
4476
4477
-1
4478
4482
-1
-1
-1
-1
-1
-1
4489
4490
-1
-1
-1
-1
-1
4491
-1
-1
-1
-1
-1
4494
-1
-1
-1
-1
-1
4497
-1
4514
-1
4515
-1
-1
4526
4533
-1
4545
-1
4549
4551
4552
4560
-1
4561
-1
4567
4571
-1
4575
-1
-1
-1
4578
4678
4816
4918
4967
5096
5122
5222
5228
5348
5349
5427
5775
5834
5850
5921
5980
5983
5990
6006
6111
6174
6211
-1
6213
-1
6224
6360
6534
-1
6535
-1
6644
6645
6648
-1
-1
6803
6807
6884
6909
7002
-1
7287
7291
7295
7297
7330
-1
-1
7331
-1
7436
7957
7959
8054
8186
8300
8305
8596
8637
8840
8842
8880
-1
8882
9020
-1
-1
-1
9204
9233
10978
10996
-1
10999
11004
11023
-1
-1
-1
-1
-1
-1
11026
-1
11027
-1
-1
-1
-1
11028
-1
-1
-1
11030
11054
11055
11059
-1
-1
-1
-1
-1
11062
-1
-1
-1
11116
-1
-1
11163
11289
11356
-1
11357
-1
11390
11398
11706
-1
12010
12039
12049
12080
-1
-1
-1
12085
-1
-1
-1
-1
-1
-1
-1
-1
-1
-1
-1
-1
-1
-1
-1
-1
-1
-1
-1
-1
-1
12093
-1
-1
-1
-1
-1
12175
12326
12403
12906
12932
13018
13019
13149
13154
13278
13279
13290
13294
13382
13399
13435
13442
13444
13557
13638
13897
13915
-1
13924
13925
13940
13947
13969
13982
14114
14115
14146
-1
14147
14199
-1
14232
14246
14253
14259
14261
14272
14408
-1
14414
14662
14926
-1
14929
-1
14939
-1
14979
15025
15026
-1
15027
15064
-1
15065
15171
-1
15181
15182
15208
15245
15246
-1
-1
15303
-1
15379
15534
-1
15538
-1
15548
-1
15552
15553
15561
15577
15622
-1
15623
15668
-1
-1
15670
15673
15700
15709
-1
15720
-1
15721
15841
15908
-1
-1
-1
16469
-1
-1
16510
-1
-1
-1
16544
-1
-1
-1
16610
-1
-1
-1
-1
-1
16670
-1
-1
-1
16710
-1
16711
-1
-1
-1
-1
-1
16716
16756
-1
16757
16758
16774
-1
16778
16784
-1
16791
16795
16799
16800
16808
-1
-1
16811
16815
-1
-1
-1
-1
-1
-1
-1
16817
16818
-1
-1
16819
16824
-1
16825
16828
-1
-1
16868
16872
-1
16878
-1
-1
-1
16909
16911
16912
-1
16914
-1
-1
-1
16919
-1
-1
16922
16923
-1
-1
-1
16927
-1
-1
16928
16932
-1
16935
-1
-1
16938
-1
16939
16940
-1
-1
-1
16942
-1
16943
-1
-1
-1
16949
-1
-1
16960
16961
-1
-1
16977
-1
-1
16978
-1
-1
-1
-1
17066
17071
-1
-1
-1
17084
-1
17098
17111
17214
17558
17594
17604
17617
17674
17702
17759
17769
17814
18157
18176
18399
18400
-1
18419
18878
19138
19347
19372
19383
19399
19403
19433
-1
-1
-1
-1
-1
-1
-1
-1
-1
-1
-1
-1
-1
-1
-1
-1
-1
-1
-1
-1
-1
-1
-1
-1
-1
-1
-1
-1
-1
-1
-1
-1
-1
-1
-1
-1
-1
-1
-1
-1
-1
-1
-1
-1
-1
-1
-1
-1
-1
-1
-1
-1
-1
-1
-1
-1
19439
-1
-1
-1
-1
-1
-1
-1
-1
-1
-1
-1
-1
-1
-1
-1
-1
-1
-1
-1
-1
-1
19451
19676
19719
19822
19984
20084
20161
20280
20339
20348
20361
20378
20614
20682
20991
20995
21049
21058
21238
21493
21631
21634
21655
-1
21720
21727
-1
-1
-1
-1
-1
-1
-1
-1
-1
-1
-1
-1
-1
-1
-1
-1
-1
-1
-1
-1
-1
-1
-1
-1
-1
-1
-1
-1
-1
-1
-1
-1
-1
-1
-1
-1
-1
-1
-1
-1
-1
-1
-1
-1
-1
-1
-1
-1
-1
-1
-1
-1
21743
-1
-1
-1
21764
-1
-1
-1
21765
-1
-1
-1
-1
-1
21770
-1
-1
-1
-1
-1
21776
-1
-1
-1
-1
-1
21784
21824
21938
22026
22062
22081
22126
22191
-1
22198
22205
22212
22371
22411
22491
22661
22733
22739
22842
22986
23071
23078
23103
23106
23111
23112
-1
-1
-1
-1
-1
-1
-1
-1
-1
-1
-1
-1
-1
-1
23124
-1
-1
-1
-1
-1
-1
-1
-1
-1
-1
-1
-1
-1
-1
-1
-1
-1
-1
-1
-1
-1
-1
-1
-1
-1
-1
-1
-1
-1
-1
-1
-1
-1
-1
-1
-1
-1
23125
-1
-1
-1
23455
-1
-1
-1
23624
-1
-1
-1
-1
-1
23713
-1
-1
-1
-1
-1
23906
-1
-1
-1
24040
-1
-1
-1
-1
-1
-1
-1
-1
-1
-1
-1
-1
-1
-1
-1
-1
-1
-1
-1
-1
-1
-1
-1
-1
-1
-1
-1
-1
-1
-1
-1
-1
-1
-1
-1
-1
-1
-1
-1
-1
-1
-1
-1
-1
-1
-1
-1
-1
-1
-1
-1
-1
-1
24042
24114
24154
24174
24225
-1
24239
24289
24301
24329
24331
24338
24436
24485
24604
24775
-1
24782
24941
14413
25119
25241
25257
25326
25350
25375
-1
-1
-1
-1
-1
-1
-1
-1
-1
-1
-1
-1
-1
-1
-1
-1
-1
-1
-1
-1
-1
-1
-1
-1
-1
-1
-1
-1
-1
-1
-1
-1
-1
-1
-1
-1
-1
-1
-1
-1
-1
-1
-1
-1
-1
-1
-1
-1
-1
-1
-1
-1
25379
-1
-1
-1
25932
-1
-1
-1
26156
-1
-1
-1
-1
-1
26428
-1
-1
-1
-1
-1
26855
-1
-1
-1
26972
-1
-1
-1
-1
-1
-1
-1
-1
-1
-1
-1
-1
-1
-1
-1
-1
-1
-1
-1
-1
-1
-1
-1
-1
-1
-1
-1
-1
-1
-1
-1
-1
-1
-1
-1
-1
-1
-1
-1
-1
-1
-1
-1
-1
-1
-1
-1
-1
-1
-1
-1
-1
-1
27001
27003
27031
27146
27191
27193
27221
27255
27258
-1
27269
27274
27446
27497
27580
27587
-1
27598
27805
27898
-1
-1
-1
28048
28057
28061
-1
-1
-1
-1
-1
-1
-1
-1
-1
-1
-1
-1
-1
-1
-1
-1
-1
-1
-1
-1
-1
-1
-1
-1
-1
-1
-1
-1
-1
-1
-1
-1
-1
-1
-1
-1
-1
-1
-1
-1
-1
-1
-1
-1
-1
-1
-1
-1
-1
-1
-1
-1
-1
-1
-1
-1
-1
-1
-1
-1
-1
-1
-1
-1
-1
-1
-1
-1
-1
-1
-1
-1
-1
-1
-1
-1
-1
-1
-1
28077
28079
-1
28080
-1
28090
28095
-1
-1
-1
28096
-1
28098
28101
28106
-1
28111
28134
28150
-1
-1
28154
-1
-1
28160
-1
-1
-1
-1
-1
-1
-1
-1
-1
-1
-1
-1
-1
-1
-1
-1
-1
-1
-1
-1
-1
-1
-1
-1
-1
-1
28168
28173
28262
28410
28497
28545
28568
28586
28598
28632
28647
28662
29190
29435
29871
29876
30167
30168
31107
31365
31831
31981
32045
32050
32054
32068
-1
-1
-1
-1
-1
-1
-1
-1
-1
-1
-1
-1
-1
-1
-1
-1
-1
-1
-1
-1
-1
-1
-1
-1
-1
-1
-1
-1
-1
-1
-1
-1
-1
-1
-1
-1
-1
-1
-1
-1
32070
-1
-1
-1
-1
-1
-1
-1
-1
-1
-1
-1
-1
-1
-1
-1
-1
-1
-1
-1
-1
-1
-1
-1
-1
-1
-1
-1
-1
-1
-1
-1
-1
-1
-1
-1
-1
-1
32072
32079
32091
32115
32141
-1
-1
-1
32142
-1
-1
32153
32337
32356
32588
32590
32713
32714
33068
33107
-1
33144
-1
-1
33152
33158
-1
-1
-1
-1
-1
-1
-1
-1
-1
-1
-1
-1
-1
-1
-1
-1
-1
-1
-1
-1
-1
-1
-1
-1
-1
-1
-1
-1
-1
-1
-1
-1
-1
-1
-1
-1
-1
-1
-1
-1
-1
-1
-1
-1
-1
-1
-1
-1
-1
-1
-1
-1
33159
-1
-1
-1
33988
-1
-1
34403
34404
-1
34900
34901
-1
35080
35081
-1
-1
35575
-1
36000
36004
-1
36142
-1
36143
-1
-1
36199
36211
36268
-1
-1
36277
-1
-1
-1
-1
36288
36317
36336
36462
36471
-1
36480
36745
36787
-1
36876
-1
36901
-1
-1
-1
-1
-1
-1
-1
-1
-1
-1
-1
-1
-1
-1
-1
-1
-1
-1
-1
-1
-1
-1
-1
-1
-1
-1
-1
-1
-1
-1
-1
-1
-1
-1
-1
-1
-1
-1
-1
-1
-1
-1
-1
-1
-1
-1
-1
-1
-1
-1
-1
-1
-1
-1
36904
-1
-1
-1
37280
-1
-1
-1
37456
-1
-1
-1
-1
-1
37665
-1
-1
-1
-1
-1
37889
-1
-1
-1
37967
-1
-1
-1
-1
-1
-1
-1
-1
-1
-1
-1
-1
-1
-1
-1
-1
-1
-1
-1
-1
-1
-1
-1
-1
-1
-1
-1
-1
-1
-1
-1
37997
-1
-1
-1
38005
-1
-1
-1
-1
-1
-1
-1
-1
-1
-1
-1
-1
-1
-1
-1
-1
-1
38021
38257
38329
38588
38654
38874
38918
39002
39049
39128
39131
39139
39749
40577
42552
42635
42849
42869
43612
43836
43973
44632
44703
44773
44804
44820
-1
-1
-1
-1
-1
-1
-1
-1
-1
-1
-1
-1
-1
-1
-1
-1
-1
-1
-1
-1
-1
-1
-1
-1
-1
-1
-1
-1
-1
-1
-1
-1
-1
-1
-1
-1
-1
-1
-1
-1
-1
-1
-1
-1
-1
-1
-1
-1
-1
-1
-1
-1
44831
-1
-1
-1
45179
-1
-1
-1
35601
-1
-1
-1
-1
-1
45702
-1
-1
-1
-1
-1
46015
-1
-1
-1
46169
-1
46383
-1
-1
-1
-1
-1
-1
-1
-1
-1
-1
-1
-1
-1
-1
-1
-1
-1
-1
-1
-1
-1
-1
-1
-1
-1
-1
-1
-1
-1
46384
-1
-1
-1
-1
-1
-1
-1
-1
-1
-1
-1
-1
-1
-1
-1
-1
-1
-1
-1
-1
-1
46412
46420
46489
46531
46546
46555
46560
-1
46561
46576
46577
46578
46683
46756
46800
46802
-1
46870
47120
47185
-1
47260
-1
-1
47263
47264
-1
-1
-1
-1
-1
-1
-1
-1
-1
-1
-1
-1
-1
-1
-1
-1
-1
-1
-1
-1
-1
-1
-1
-1
-1
-1
-1
-1
-1
-1
-1
-1
-1
-1
47265
-1
-1
-1
47266
-1
-1
-1
-1
-1
-1
-1
-1
-1
-1
-1
-1
-1
-1
-1
-1
-1
-1
-1
-1
-1
-1
-1
-1
-1
-1
-1
-1
-1
-1
-1
-1
-1
-1
-1
-1
-1
-1
-1
47267
47376
47380
47553
47560
-1
47562
-1
-1
-1
47568
47569
47607
47662
-1
47738
-1
47794
47821
47934
-1
-1
-1
-1
-1
48041
48043
-1
-1
-1
48060
-1
-1
-1
-1
-1
-1
-1
-1
-1
-1
-1
-1
-1
-1
-1
-1
-1
-1
-1
-1
-1
48069
48070
48087
48182
48202
48220
48235
48268
48274
-1
48315
48322
48363
48454
48576
48578
-1
48407
48721
48776
48810
48854
48874
-1
48898
48937
-1
-1
-1
-1
-1
-1
-1
-1
-1
-1
-1
-1
-1
-1
-1
-1
-1
-1
-1
-1
-1
-1
-1
-1
-1
-1
-1
-1
-1
-1
-1
-1
-1
-1
-1
-1
-1
-1
-1
-1
-1
-1
-1
-1
-1
-1
-1
-1
-1
-1
-1
-1
-1
-1
-1
-1
-1
-1
-1
-1
-1
-1
-1
-1
-1
-1
-1
-1
-1
-1
-1
-1
-1
-1
-1
-1
-1
-1
48950
49109
49209
49753
49796
49849
50091
50161
50208
50266
50282
50288
50514
50893
51165
51207
51449
51450
51711
52100
52247
52317
52475
52508
52565
52569
-1
-1
-1
-1
-1
-1
-1
-1
-1
-1
-1
-1
-1
-1
-1
-1
-1
-1
-1
-1
-1
-1
-1
-1
-1
-1
-1
-1
-1
-1
-1
-1
-1
-1
-1
-1
-1
-1
-1
-1
-1
-1
-1
-1
-1
-1
-1
-1
-1
-1
-1
-1
52575
-1
-1
-1
52598
-1
-1
-1
-1
-1
-1
-1
-1
-1
52600
-1
-1
52607
-1
-1
52608
-1
-1
-1
52613
-1
52616
53075
53108
53314
53385
53445
53515
53635
53662
53670
53672
53693
53791
53883
53982
54082
-1
54334
54398
56106
56174
56190
56342
56343
-1
56349
56358
-1
-1
-1
56361
-1
-1
-1
-1
-1
-1
-1
-1
-1
-1
-1
-1
-1
-1
-1
56364
-1
-1
-1
-1
-1
-1
-1
-1
-1
-1
-1
-1
-1
-1
-1
-1
-1
-1
-1
-1
-1
-1
-1
-1
-1
-1
-1
-1
-1
-1
-1
-1
-1
-1
-1
-1
-1
-1
-1
-1
-1
-1
-1
-1
-1
-1
-1
-1
-1
-1
-1
-1
-1
-1
-1
-1
-1
-1
-1
-1
-1
-1
-1
-1
-1
-1
-1
-1
-1
-1
-1
-1
-1
-1
-1
-1
-1
-1
-1
-1
-1
-1
-1
-1
-1
-1
-1
-1
-1
-1
-1
-1
-1
-1
-1
-1
-1
-1
-1
-1
-1
-1
-1
-1
-1
-1
-1
-1
-1
56366
56374
56388
56479
56546
56557
56560
-1
56650
-1
56660
56667
56787
56863
56927
56992
-1
57008
57151
57175
57219
57307
57326
57462
57474
57475
-1
-1
-1
-1
-1
-1
-1
-1
-1
-1
-1
-1
-1
-1
-1
-1
-1
-1
-1
-1
-1
-1
-1
-1
-1
-1
-1
-1
-1
-1
-1
-1
-1
-1
-1
-1
-1
-1
-1
-1
-1
-1
-1
-1
-1
-1
-1
-1
-1
-1
-1
-1
57485
-1
-1
-1
57736
-1
-1
-1
57839
-1
-1
-1
-1
-1
57920
-1
-1
-1
-1
-1
58041
-1
-1
-1
58122
-1
-1
-1
58158
-1
-1
-1
-1
-1
-1
-1
-1
-1
-1
-1
-1
-1
-1
-1
-1
-1
-1
-1
-1
-1
-1
-1
-1
-1
-1
-1
-1
-1
-1
-1
-1
-1
-1
-1
-1
-1
-1
-1
-1
-1
-1
-1
-1
-1
-1
-1
-1
-1
58159
58178
58209
58264
58281
58296
58308
58316
58318
58323
58324
58334
58381
58427
58496
58547
-1
58581
58640
58677
58695
58698
-1
58700
58701
-1
58702
-1
-1
-1
-1
-1
-1
-1
-1
-1
-1
-1
-1
-1
-1
-1
-1
-1
-1
-1
-1
-1
-1
-1
-1
-1
58704
-1
-1
-1
58718
-1
-1
-1
58723
-1
-1
-1
-1
-1
-1
-1
-1
-1
-1
-1
-1
-1
-1
-1
58727
-1
-1
-1
-1
-1
-1
-1
-1
-1
-1
-1
-1
-1
-1
-1
-1
-1
-1
-1
-1
-1
-1
-1
-1
-1
-1
-1
58728
-1
58740
-1
58741
-1
58754
-1
58755
-1
58758
58762
-1
58763
58819
58831
-1
-1
58832
58957
-1
-1
-1
-1
-1
-1
-1
-1
-1
-1
58960
-1
-1
-1
-1
-1
-1
-1
-1
-1
-1
-1
-1
-1
-1
-1
58961
-1
-1
-1
-1
-1
-1
-1
58965
-1
-1
-1
58967
-1
-1
-1
-1
-1
-1
58977
-1
-1
-1
58978
59077
59114
-1
59126
-1
-1
-1
-1
-1
59134
-1
-1
59136
-1
-1
-1
59143
-1
-1
-1
-1
-1
59148
-1
-1
59155
-1
-1
59162
-1
-1
-1
-1
-1
59184
59193
59198
59244
59250
-1
59252
59253
59338
-1
59341
59343
59369
-1
59370
59405
-1
59412
59415
59424
59546
-1
-1
-1
59555
59556
59562
-1
-1
59572
59582
-1
59609
59629
59630
-1
-1
-1
59660
59662
59663
-1
-1
59667
-1
-1
59675
-1
59710
-1
-1
-1
-1
-1
-1
-1
-1
-1
59719
-1
-1
-1
-1
59720
-1
-1
-1
-1
-1
59740
-1
-1
-1
-1
-1
-1
-1
-1
-1
-1
-1
-1
-1
59745
-1
-1
59847
-1
-1
59848
-1
-1
59849
-1
-1
-1
-1
59852
-1
-1
-1
-1
-1
-1
59855
59859
-1
-1
59862
-1
59869
-1
59887
-1
-1
59889
59895
-1
59896
-1
-1
59926
-1
-1
59936
-1
-1
-1
59939
-1
59951
-1
-1
-1
59952
-1
-1
-1
-1
-1
-1
59953
-1
-1
-1
-1
-1
59954
-1
-1
59957
-1
-1
-1
-1
-1
-1
-1
59958
59962
-1
-1
59974
-1
-1
-1
59995
59997
59998
60001
-1
-1
-1
60003
60006
60012
-1
-1
-1
-1
-1
-1
60013
-1
-1
-1
60019
-1
-1
-1
60028
-1
-1
-1
-1
-1
60029
-1
-1
-1
-1
-1
-1
-1
-1
-1
-1
-1
60030
-1
-1
-1
60036
-1
-1
-1
60040
-1
60041
-1
-1
-1
60042
60043
-1
60044
-1
60046
-1
-1
-1
-1
-1
-1
60050
60159
60171
60173
60195
60642
-1
-1
60658
-1
60705
60715
60749
-1
60752
60793
-1
60795
60796
60809
60810
60836
60846
-1
60847
60875
60879
60917
61141
-1
61142
-1
61184
-1
61185
-1
-1
-1
61218
-1
61240
61267
-1
-1
-1
-1
61382
-1
-1
-1
61412
-1
61421
61497
61498
61743
62115
62147
62200
62324
62360
62376
62396
62403
62445
62454
62485
62518
62520
62524
62565
62654
63030
63051
63093
-1
-1
63107
63121
-1
63123
63125
-1
-1
63126
63129
-1
-1
-1
63130
63133
63134
-1
63136
-1
63141
63142
-1
-1
-1
-1
-1
-1
63154
63157
-1
-1
-1
63205
-1
-1
63240
63309
-1
-1
-1
-1
-1
63923
63954
-1
63956
63958
63961
63963
-1
-1
-1
63974
-1
-1
-1
-1
-1
-1
-1
-1
-1
-1
-1
-1
-1
-1
-1
-1
-1
-1
-1
-1
-1
63975
-1
-1
-1
-1
-1
64202
64233
-1
64235
64237
-1
64288
-1
64347
-1
-1
64410
64411
64422
64427
64469
-1
64471
64502
64506
64511
64545
64548
-1
64550
-1
-1
-1
64660
64745
64747
-1
-1
64754
64755
-1
64756
-1
64764
64767
64768
64830
64868
-1
64875
64920
65034
-1
-1
-1
-1
-1
65038
-1
65045
-1
65050
-1
-1
65064
65247
-1
-1
-1
-1
65263
65265
-1
-1
65266
-1
65270
65273
-1
-1
-1
65276
-1
65294
65298
65304
65375
65409
-1
65410
65441
-1
-1
65450
65451
65477
65499
65514
65526
-1
65622
65702
65724
-1
-1
-1
65762
-1
-1
65767
-1
-1
-1
65846
-1
-1
-1
65953
-1
-1
-1
-1
-1
65990
-1
-1
-1
-1
-1
66019
-1
-1
-1
-1
66023
-1
-1
-1
66024
66025
-1
-1
-1
-1
-1
-1
-1
-1
-1
-1
-1
-1
66031
-1
-1
-1
-1
-1
-1
-1
-1
66033
-1
66136
66391
66393
66487
66499
66500
66562
-1
-1
66607
66608
-1
66610
66789
67117
67122
67125
67168
67576
-1
-1
-1
-1
67614
67616
-1
-1
-1
67619
-1
-1
-1
67686
-1
-1
-1
-1
67687
67689
-1
-1
67691
-1
-1
-1
-1
-1
-1
-1
-1
-1
67695
-1
-1
67696
-1
-1
-1
-1
-1
-1
-1
-1
-1
-1
-1
-1
67697
-1
-1
-1
-1
-1
-1
-1
-1
-1
67701
67740
67858
67884
67889
67892
67916
67921
-1
67999
68008
68118
68156
68257
68258
-1
68259
68381
68478
68567
68620
68657
-1
68666
68673
-1
-1
-1
-1
-1
-1
-1
-1
-1
-1
-1
-1
-1
-1
-1
-1
-1
-1
-1
-1
-1
-1
-1
-1
-1
-1
-1
-1
-1
-1
-1
-1
-1
-1
-1
-1
-1
-1
-1
-1
-1
-1
-1
-1
-1
-1
-1
-1
-1
-1
-1
-1
-1
-1
-1
-1
-1
-1
-1
-1
-1
-1
-1
-1
-1
-1
-1
-1
-1
-1
-1
-1
-1
-1
-1
-1
-1
-1
68676
68766
68782
68807
68827
68868
68869
68871
68872
-1
-1
68888
68988
69031
69086
-1
-1
69097
69294
69327
69377
69403
69423
-1
69429
69431
-1
-1
-1
-1
-1
-1
-1
-1
-1
-1
-1
-1
-1
-1
-1
-1
-1
-1
-1
-1
-1
-1
-1
-1
-1
-1
-1
-1
-1
-1
-1
-1
-1
-1
-1
-1
-1
-1
-1
-1
-1
-1
-1
-1
-1
-1
-1
-1
-1
-1
-1
-1
-1
-1
-1
-1
-1
-1
-1
-1
-1
-1
-1
-1
-1
-1
-1
-1
-1
-1
-1
-1
-1
-1
-1
-1
-1
-1
69437
69447
69583
69628
69690
69738
69754
-1
-1
69810
69812
69814
69980
69997
70136
70143
70146
70147
70257
70404
70441
70442
-1
70455
-1
70474
70480
-1
-1
-1
70481
-1
-1
-1
-1
-1
-1
-1
-1
-1
70483
-1
-1
-1
-1
-1
-1
-1
-1
-1
-1
-1
-1
-1
-1
-1
-1
-1
-1
-1
-1
-1
-1
-1
-1
-1
-1
-1
-1
-1
-1
-1
-1
-1
-1
-1
-1
-1
70484
-1
-1
-1
70822
-1
-1
-1
70951
-1
-1
-1
-1
-1
71052
-1
-1
-1
-1
-1
71312
-1
-1
-1
71555
-1
-1
-1
-1
-1
-1
-1
-1
-1
-1
-1
-1
-1
-1
-1
-1
-1
-1
-1
-1
-1
-1
-1
-1
-1
-1
-1
-1
-1
-1
-1
-1
-1
-1
-1
-1
-1
-1
-1
-1
-1
-1
-1
-1
-1
-1
-1
-1
-1
-1
-1
-1
-1
71592
71607
71608
71624
71635
-1
71647
71679
71680
-1
71697
71698
71791
71797
71830
71948
-1
71956
72865
72921
72927
73023
73035
73043
73068
73073
-1
-1
-1
-1
-1
-1
-1
-1
-1
-1
-1
-1
-1
-1
-1
-1
-1
-1
-1
-1
-1
-1
-1
-1
-1
-1
-1
-1
-1
-1
-1
-1
-1
-1
-1
-1
-1
-1
-1
-1
-1
-1
-1
-1
-1
-1
-1
-1
-1
-1
-1
-1
73075
-1
-1
-1
73311
-1
-1
-1
73517
-1
-1
-1
-1
-1
73702
-1
-1
-1
-1
-1
73885
-1
-1
-1
73981
-1
-1
-1
-1
-1
-1
-1
-1
-1
-1
-1
-1
-1
-1
-1
-1
-1
-1
-1
-1
-1
-1
-1
-1
-1
-1
-1
-1
-1
-1
-1
-1
-1
-1
-1
-1
-1
-1
-1
-1
-1
-1
-1
-1
-1
-1
-1
-1
-1
-1
-1
-1
-1
-1
73984
73987
74012
74019
74024
74026
-1
74048
74051
-1
74052
74144
74193
-1
-1
-1
74316
74453
74523
-1
-1
-1
-1
74548
74549
-1
-1
-1
-1
-1
-1
-1
-1
-1
-1
-1
-1
-1
-1
-1
-1
-1
-1
-1
-1
-1
-1
-1
-1
-1
-1
-1
-1
-1
-1
-1
-1
-1
-1
-1
-1
-1
-1
-1
-1
-1
-1
-1
-1
-1
-1
-1
-1
-1
-1
-1
-1
-1
-1
-1
-1
-1
-1
-1
-1
-1
-1
-1
-1
-1
-1
-1
-1
-1
-1
-1
-1
-1
-1
-1
-1
-1
-1
-1
-1
-1
-1
-1
-1
-1
-1
-1
-1
74555
74556
-1
-1
-1
-1
-1
74557
-1
-1
-1
-1
-1
-1
-1
-1
-1
-1
-1
-1
-1
-1
-1
-1
-1
-1
-1
-1
-1
-1
-1
-1
-1
-1
-1
-1
-1
-1
-1
-1
-1
-1
-1
74562
-1
74600
74645
74659
74665
74682
74684
74728
-1
74729
75082
75214
75332
75338
-1
75352
75520
75803
75838
75914
75930
-1
75946
75961
-1
-1
-1
-1
-1
-1
-1
-1
-1
-1
-1
-1
-1
-1
-1
-1
-1
-1
-1
-1
-1
-1
-1
-1
-1
-1
-1
-1
-1
-1
-1
-1
-1
-1
-1
-1
-1
-1
-1
-1
-1
-1
-1
-1
-1
-1
-1
-1
-1
-1
-1
-1
-1
-1
-1
-1
-1
-1
-1
-1
-1
-1
-1
-1
-1
-1
-1
-1
-1
-1
-1
-1
-1
-1
-1
-1
-1
-1
75993
76015
76019
76028
76038
-1
76054
76059
76062
-1
76080
76086
76158
76218
76494
76726
-1
76732
76909
76961
76979
-1
76982
-1
76987
76996
-1
-1
-1
-1
-1
-1
-1
-1
-1
-1
-1
-1
-1
-1
-1
-1
-1
-1
-1
-1
-1
-1
-1
-1
-1
-1
-1
-1
-1
-1
-1
-1
-1
-1
-1
-1
-1
-1
-1
-1
-1
-1
-1
-1
-1
-1
-1
-1
-1
-1
-1
-1
76997
-1
-1
-1
77016
-1
-1
-1
77030
-1
-1
-1
-1
-1
77035
-1
-1
77067
-1
-1
77068
-1
-1
-1
-1
-1
77071
77089
-1
77129
77143
77148
77159
-1
-1
-1
-1
77222
77277
77300
77362
77368
-1
77375
77433
77440
77452
77454
-1
-1
-1
77462
-1
-1
-1
-1
-1
-1
-1
-1
-1
-1
-1
-1
-1
-1
-1
-1
-1
-1
-1
-1
-1
-1
-1
-1
-1
-1
-1
-1
-1
-1
-1
-1
-1
-1
-1
-1
-1
-1
-1
-1
-1
-1
-1
-1
-1
-1
-1
-1
-1
-1
-1
-1
77466
-1
-1
-1
77689
-1
-1
-1
77738
-1
-1
-1
-1
-1
77796
-1
-1
-1
-1
-1
78050
-1
-1
-1
78164
-1
-1
-1
-1
-1
78280
-1
-1
-1
-1
-1
-1
-1
-1
-1
-1
-1
-1
-1
-1
-1
-1
-1
-1
-1
-1
-1
78282
-1
-1
-1
78342
-1
-1
-1
-1
-1
-1
-1
-1
-1
78352
-1
-1
-1
-1
-1
78387
-1
-1
-1
-1
-1
78389
78434
78485
78488
78542
78555
78561
78572
78573
-1
78585
78586
78675
78700
78843
78924
-1
78929
78487
79068
79094
79132
79156
-1
79171
79178
-1
-1
-1
-1
-1
-1
-1
-1
-1
-1
-1
-1
-1
-1
-1
-1
-1
-1
-1
-1
-1
-1
-1
-1
-1
-1
-1
-1
-1
-1
-1
-1
-1
-1
-1
-1
-1
-1
-1
-1
-1
-1
-1
-1
-1
-1
-1
-1
-1
-1
-1
-1
79180
-1
-1
-1
79780
-1
-1
-1
79979
-1
-1
-1
-1
-1
80167
-1
-1
80366
-1
-1
80367
-1
-1
-1
80471
-1
-1
-1
-1
-1
-1
-1
-1
-1
-1
-1
-1
-1
-1
-1
-1
-1
-1
-1
-1
-1
-1
-1
-1
-1
-1
-1
-1
-1
-1
-1
-1
-1
-1
-1
-1
-1
-1
-1
-1
-1
-1
-1
-1
-1
-1
-1
-1
-1
-1
-1
-1
-1
80485
80622
80633
80634
80649
80697
80703
80710
80713
80800
-1
80803
80854
80896
-1
80971
-1
80974
81012
81045
-1
81106
-1
-1
81108
81114
-1
-1
-1
-1
-1
-1
-1
-1
-1
-1
-1
-1
-1
-1
-1
-1
-1
-1
-1
-1
-1
-1
-1
-1
-1
-1
81122
-1
-1
-1
81123
-1
-1
-1
81129
-1
-1
-1
-1
-1
-1
-1
-1
-1
-1
-1
-1
-1
-1
-1
81130
-1
-1
-1
-1
-1
-1
-1
-1
-1
-1
-1
-1
-1
-1
-1
-1
-1
-1
-1
-1
-1
-1
-1
-1
-1
-1
-1
81131
-1
-1
-1
-1
-1
81133
-1
-1
-1
-1
81135
81136
81223
-1
81311
-1
81349
-1
81416
-1
81418
-1
-1
-1
-1
-1
-1
-1
-1
-1
-1
-1
-1
-1
-1
-1
-1
-1
-1
-1
-1
-1
-1
-1
-1
-1
-1
-1
-1
-1
-1
81422
81424
81494
81534
81562
81618
81628
81691
81694
81767
81770
81782
81991
82096
82283
82287
82358
82359
82637
82687
82759
82818
82853
-1
82889
82921
-1
-1
-1
-1
-1
-1
-1
-1
-1
-1
-1
-1
-1
-1
-1
-1
-1
-1
-1
-1
-1
-1
-1
-1
-1
-1
-1
-1
-1
-1
-1
-1
-1
-1
-1
-1
-1
-1
-1
-1
-1
-1
-1
-1
-1
-1
-1
-1
-1
-1
-1
-1
-1
-1
-1
-1
-1
-1
-1
-1
-1
-1
-1
-1
-1
-1
-1
-1
-1
-1
-1
-1
-1
-1
-1
-1
-1
-1
82951
83244
83291
83341
83394
83429
83434
83448
83449
83482
83484
83485
83798
84374
84439
84442
-1
84610
84970
85023
85382
85390
85392
85400
85590
85592
-1
-1
-1
-1
-1
-1
-1
-1
-1
-1
-1
-1
-1
-1
-1
-1
-1
-1
-1
-1
-1
-1
-1
-1
-1
-1
-1
-1
-1
-1
-1
-1
-1
-1
-1
-1
-1
-1
-1
-1
-1
-1
-1
-1
-1
-1
-1
-1
-1
-1
-1
-1
-1
-1
-1
-1
-1
-1
-1
-1
-1
-1
-1
-1
-1
-1
-1
-1
-1
-1
-1
-1
-1
-1
-1
-1
-1
-1
85595
85602
85627
85636
85671
85751
85752
-1
-1
85801
85802
85804
85854
85868
85928
85932
-1
86063
86113
86259
-1
86284
-1
-1
-1
86290
-1
-1
-1
-1
-1
-1
-1
-1
-1
-1
-1
-1
-1
-1
-1
-1
-1
-1
-1
-1
-1
-1
-1
-1
-1
-1
-1
-1
-1
-1
-1
-1
-1
-1
-1
-1
-1
-1
-1
-1
-1
-1
-1
-1
-1
-1
-1
-1
-1
-1
-1
-1
-1
-1
-1
-1
86291
-1
-1
-1
86292
-1
-1
-1
-1
-1
86294
-1
-1
-1
-1
-1
-1
-1
-1
-1
-1
-1
-1
-1
-1
-1
-1
-1
-1
-1
-1
-1
-1
-1
-1
-1
-1
-1
-1
-1
-1
-1
-1
-1
-1
-1
-1
-1
-1
-1
-1
-1
-1
-1
-1
-1
-1
-1
-1
-1
-1
-1
-1
-1
-1
-1
-1
-1
-1
-1
-1
-1
-1
-1
86297
86325
86364
86377
86393
86399
86401
86444
86449
86460
86461
86465
86702
87140
87225
87332
-1
87387
87634
87691
87734
87844
87856
87883
87884
-1
-1
-1
-1
-1
-1
-1
-1
-1
-1
-1
-1
-1
-1
-1
-1
-1
-1
-1
-1
-1
-1
-1
-1
-1
-1
-1
-1
-1
-1
-1
-1
-1
-1
-1
-1
-1
-1
-1
-1
-1
-1
-1
-1
-1
-1
-1
-1
-1
-1
-1
-1
-1
-1
-1
-1
-1
-1
-1
-1
-1
87892
-1
-1
-1
-1
-1
87893
-1
-1
-1
-1
-1
-1
-1
-1
-1
-1
-1
-1
-1
-1
-1
-1
-1
-1
-1
87894
-1
-1
-1
-1
-1
-1
-1
-1
-1
-1
-1
87895
-1
-1
-1
-1
-1
-1
-1
-1
-1
-1
-1
-1
-1
-1
-1
-1
-1
-1
-1
-1
-1
-1
-1
-1
-1
-1
-1
-1
-1
-1
-1
87897
87910
87926
87944
87960
87967
87978
88004
88005
-1
88011
88014
88034
88203
-1
88268
-1
88271
88336
88393
-1
88414
-1
88415
88416
88417
-1
-1
-1
-1
-1
-1
-1
-1
-1
-1
-1
-1
-1
-1
-1
-1
-1
-1
-1
-1
-1
-1
-1
-1
-1
-1
88422
-1
-1
-1
-1
-1
-1
-1
-1
-1
-1
-1
-1
-1
-1
-1
-1
-1
-1
-1
-1
-1
-1
-1
-1
-1
-1
-1
-1
-1
-1
-1
-1
-1
-1
-1
-1
-1
-1
-1
-1
-1
-1
-1
-1
-1
-1
-1
-1
-1
-1
-1
88424
88477
-1
88496
89044
-1
89061
-1
89117
-1
89118
89119
89166
89233
89235
89270
-1
90345
90367
-1
-1
-1
-1
-1
-1
-1
-1
-1
-1
-1
-1
-1
-1
-1
-1
-1
-1
-1
-1
-1
-1
-1
-1
-1
-1
-1
-1
-1
-1
-1
-1
-1
-1
-1
90448
-1
-1
-1
-1
-1
-1
-1
-1
-1
90452
90463
90468
90469
-1
-1
-1
90473
-1
-1
-1
-1
-1
-1
90492
-1
-1
-1
90497
-1
-1
-1
90506
-1
-1
-1
-1
-1
90515
-1
-1
-1
90518
-1
-1
-1
-1
-1
90523
-1
90525
-1
-1
-1
90533
-1
-1
90562
90684
-1
-1
-1
-1
-1
90690
-1
-1
-1
-1
90749
-1
-1
-1
-1
90765
-1
90767
-1
-1
90775
90777
-1
90848
-1
90849
-1
-1
90942
-1
-1
90955
-1
-1
91003
-1
-1
91009
-1
-1
-1
91010
-1
-1
-1
-1
-1
-1
-1
-1
-1
-1
-1
-1
-1
-1
-1
-1
-1
-1
91021
-1
-1
-1
-1
-1
-1
-1
-1
-1
-1
-1
-1
91023
91024
-1
-1
-1
-1
-1
-1
-1
-1
-1
-1
-1
-1
-1
-1
91025
-1
-1
-1
-1
-1
91026
91027
-1
91028
91029
-1
-1
-1
-1
-1
-1
91030
-1
91032
91083
-1
-1
-1
-1
-1
91084
-1
-1
-1
-1
-1
-1
-1
-1
-1
-1
-1
-1
-1
91098
-1
-1
91099
-1
-1
-1
-1
-1
91101
-1
-1
-1
-1
-1
-1
-1
-1
-1
-1
-1
-1
-1
-1
-1
-1
-1
-1
-1
-1
-1
-1
-1
-1
-1
-1
-1
-1
-1
-1
91102
-1
-1
-1
-1
-1
-1
-1
-1
-1
-1
-1
-1
-1
-1
-1
91103
-1
91104
-1
-1
-1
-1
-1
91107
-1
-1
-1
-1
-1
91108
-1
-1
-1
91109
-1
-1
91112
-1
-1
-1
-1
-1
-1
91113
-1
-1
91114
-1
-1
-1
-1
-1
-1
-1
-1
91115
-1
-1
-1
91116
-1
-1
-1
91133
-1
91178
91181
91357
-1
91360
91365
-1
-1
-1
-1
-1
91366
-1
-1
91367
-1
91372
91414
-1
-1
91466
-1
-1
-1
91469
-1
-1
-1
91496
-1
91709
91712
-1
-1
92452
-1
92454
-1
-1
-1
-1
-1
92456
92659
92687
93330
93880
94155
94594
94697
94777
94824
94850
94891
94913
94917
94985
95100
95112
95155
95171
95668
97472
97509
97755
-1
97780
-1
-1
-1
-1
97784
-1
-1
-1
-1
-1
-1
-1
97839
-1
97840
-1
-1
-1
-1
97867
97868
-1
-1
97874
-1
-1
-1
97876
-1
-1
-1
97877
-1
-1
97880
97882
-1
-1
-1
-1
-1
97885
-1
-1
-1
97888
-1
-1
-1
-1
-1
-1
-1
-1
-1
-1
-1
-1
-1
-1
-1
-1
-1
-1
-1
-1
-1
-1
-1
-1
-1
-1
-1
-1
-1
-1
-1
-1
-1
97894
-1
-1
-1
97916
97935
97936
-1
97938
-1
98032
-1
98036
-1
98037
98097
-1
98098
-1
-1
-1
98409
98415
-1
-1
-1
98417
98460
98461
-1
98504
98514
-1
98515
98522
-1
-1
98538
98568
98583
98584
99036
-1
99038
99046
99059
99075
-1
99080
-1
-1
-1
99082
-1
99125
-1
99135
-1
-1
99156
99169
-1
-1
-1
99178
-1
99179
-1
-1
-1
99189
-1
99191
-1
-1
-1
99193
99195
-1
-1
-1
-1
-1
-1
-1
-1
-1
-1
-1
-1
-1
-1
-1
-1
-1
-1
-1
-1
-1
-1
-1
-1
-1
-1
99197
-1
-1
-1
-1
-1
-1
-1
99199
-1
-1
-1
-1
-1
99201
-1
-1
-1
-1
-1
-1
-1
-1
-1
99209
-1
99217
-1
-1
-1
-1
-1
-1
-1
99219
-1
-1
-1
-1
-1
-1
-1
-1
-1
-1
-1
-1
-1
-1
-1
-1
-1
-1
-1
-1
-1
-1
-1
-1
-1
99220
-1
-1
-1
-1
-1
99226
-1
-1
-1
-1
-1
-1
-1
-1
-1
-1
-1
-1
-1
-1
-1
-1
-1
-1
-1
-1
-1
-1
-1
-1
-1
99232
-1
-1
-1
-1
-1
-1
-1
-1
-1
-1
-1
99233
-1
99236
99238
-1
-1
-1
-1
-1
-1
-1
99239
-1
-1
99240
-1
-1
-1
-1
99241
99242
-1
-1
-1
-1
99243
99247
99248
99270
99385
99399
-1
99400
99424
99427
99448
99449
99455
99466
99499
99542
99543
99593
99596
99640
99670
99683
99697
99709
-1
99725
99734
-1
-1
-1
-1
-1
-1
-1
-1
-1
-1
-1
-1
-1
-1
-1
-1
-1
-1
-1
-1
-1
-1
-1
-1
-1
-1
-1
-1
-1
-1
-1
-1
-1
-1
-1
-1
-1
-1
-1
-1
-1
-1
-1
-1
-1
-1
-1
-1
-1
-1
-1
-1
-1
-1
-1
-1
-1
-1
-1
-1
-1
-1
-1
-1
-1
-1
-1
-1
-1
-1
-1
-1
-1
-1
-1
-1
-1
-1
99741
99758
99764
99767
99771
99781
-1
99792
-1
99799
-1
99811
99830
99838
99852
-1
99860
99861
99910
99950
-1
-1
99968
-1
-1
99996
-1
-1
-1
-1
-1
-1
-1
-1
-1
-1
-1
-1
-1
-1
-1
-1
-1
-1
-1
-1
-1
-1
-1
-1
-1
-1
-1
-1
-1
-1
-1
-1
-1
-1
-1
-1
-1
-1
-1
-1
-1
-1
-1
-1
-1
-1
-1
-1
-1
-1
-1
-1
100003
-1
-1
-1
100004
-1
-1
-1
-1
-1
-1
-1
-1
-1
100005
-1
-1
-1
-1
-1
100007
-1
-1
-1
-1
-1
100009
100010
100021
-1
-1
100026
100029
100045
-1
-1
100046
100047
99949
100066
-1
100108
100110
100111
100115
100116
-1
100127
-1
100132
-1
-1
-1
-1
-1
-1
-1
-1
-1
-1
-1
-1
-1
-1
-1
-1
-1
-1
-1
-1
-1
-1
-1
-1
-1
-1
-1
-1
-1
-1
-1
-1
-1
-1
-1
-1
-1
-1
-1
-1
-1
-1
-1
-1
-1
-1
-1
-1
-1
-1
-1
-1
-1
-1
-1
-1
-1
-1
-1
-1
-1
-1
-1
-1
-1
-1
-1
-1
-1
-1
-1
-1
-1
-1
-1
-1
-1
-1
-1
-1
-1
-1
-1
-1
-1
-1
-1
-1
-1
-1
-1
-1
-1
-1
-1
-1
-1
-1
-1
-1
-1
-1
-1
-1
-1
-1
-1
-1
-1
-1
-1
-1
-1
-1
-1
-1
-1
-1
-1
-1
-1
-1
-1
-1
-1
-1
-1
-1
-1
-1
-1
-1
100135
100142
100164
100201
100205
-1
100212
100220
100248
100276
100277
100291
-1
100316
100336
100340
-1
100341
100349
100375
100383
100414
100435
-1
100449
100469
-1
-1
-1
-1
-1
-1
-1
-1
-1
-1
-1
-1
-1
-1
-1
-1
-1
-1
-1
-1
-1
-1
-1
-1
-1
-1
-1
-1
-1
-1
-1
-1
-1
-1
-1
-1
-1
-1
-1
-1
-1
-1
-1
-1
-1
-1
-1
-1
-1
-1
-1
-1
-1
-1
-1
-1
-1
-1
-1
-1
-1
-1
-1
-1
-1
-1
-1
-1
-1
-1
-1
-1
-1
-1
-1
-1
-1
-1
-1
-1
-1
-1
-1
-1
-1
-1
-1
-1
-1
-1
-1
-1
-1
-1
-1
-1
-1
-1
-1
-1
-1
-1
-1
-1
-1
-1
-1
-1
-1
-1
-1
-1
-1
-1
-1
-1
-1
-1
-1
-1
-1
-1
-1
-1
-1
-1
-1
-1
-1
-1
100471
100473
100494
100498
100559
100560
100561
100596
100597
100603
100608
100610
100642
100673
-1
100736
-1
100740
100788
100839
-1
100851
-1
100869
100880
100881
-1
-1
-1
-1
-1
-1
-1
-1
-1
-1
-1
-1
-1
-1
-1
-1
-1
-1
-1
-1
-1
-1
-1
-1
-1
-1
100882
-1
-1
-1
-1
-1
-1
-1
-1
-1
-1
-1
-1
-1
-1
-1
-1
-1
-1
-1
-1
-1
-1
-1
-1
-1
-1
-1
-1
-1
-1
-1
-1
-1
-1
-1
-1
-1
-1
-1
-1
-1
-1
-1
-1
-1
-1
-1
-1
-1
-1
-1
-1
-1
-1
-1
-1
-1
-1
-1
-1
-1
-1
-1
-1
100883
-1
-1
-1
-1
-1
-1
-1
-1
-1
-1
-1
-1
-1
-1
-1
-1
-1
-1
-1
-1
-1
-1
-1
-1
-1
-1
-1
-1
-1
-1
-1
-1
-1
-1
-1
-1
-1
-1
-1
100890
100906
100909
100920
100921
100937
100939
100946
100973
100977
100992
101051
101087
101134
101141
-1
101151
101243
101272
101351
101353
101357
-1
101361
101371
-1
-1
-1
-1
-1
-1
-1
-1
-1
-1
-1
-1
-1
-1
-1
-1
-1
-1
-1
-1
-1
-1
-1
-1
-1
-1
-1
-1
-1
-1
-1
-1
-1
-1
-1
-1
-1
-1
-1
-1
-1
-1
-1
-1
-1
-1
-1
-1
-1
-1
-1
-1
-1
-1
-1
-1
-1
-1
-1
-1
-1
-1
-1
-1
-1
-1
-1
-1
-1
-1
-1
-1
-1
-1
-1
-1
-1
-1
101375
101380
101384
101390
101399
101445
101452
101454
101457
-1
101462
101465
101498
101509
-1
101568
-1
101572
101701
101703
101759
101762
101769
101772
101774
-1
-1
-1
-1
-1
-1
-1
-1
-1
-1
-1
-1
-1
-1
-1
-1
-1
-1
-1
-1
-1
-1
-1
-1
-1
-1
-1
-1
-1
-1
-1
-1
-1
-1
-1
-1
-1
-1
-1
-1
-1
-1
-1
-1
-1
-1
-1
-1
-1
-1
-1
-1
-1
101793
-1
-1
-1
101843
-1
-1
-1
101855
-1
-1
101862
101863
-1
101864
-1
-1
-1
-1
-1
101874
101883
101884
-1
-1
-1
101885
101891
101903
101917
101937
-1
-1
101947
-1
-1
101948
101960
102030
102043
102198
102205
-1
102217
102246
102273
-1
102333
102337
-1
102342
102344
-1
-1
-1
-1
102346
-1
-1
-1
-1
-1
-1
-1
-1
-1
-1
-1
-1
-1
-1
-1
-1
-1
-1
-1
-1
-1
-1
-1
-1
-1
-1
-1
-1
-1
-1
-1
-1
-1
-1
-1
-1
-1
-1
-1
-1
-1
-1
-1
-1
-1
-1
-1
102349
-1
-1
-1
102364
-1
-1
-1
102380
-1
-1
-1
-1
-1
102393
-1
-1
-1
-1
-1
102401
-1
-1
-1
102402
-1
-1
-1
-1
-1
102403
-1
-1
-1
-1
-1
-1
-1
-1
-1
-1
-1
-1
-1
-1
-1
-1
-1
-1
-1
-1
-1
102404
-1
-1
-1
102439
-1
-1
-1
102469
-1
-1
-1
-1
-1
102524
-1
-1
-1
-1
-1
102604
-1
-1
-1
102625
-1
102629
102634
102643
102647
102657
102667
102671
102673
102683
102697
102699
102719
102747
102758
102785
102800
-1
102809
102859
102873
102886
102890
102891
-1
102894
102895
-1
-1
-1
-1
-1
-1
-1
-1
-1
-1
-1
-1
-1
-1
-1
-1
-1
-1
-1
-1
102896
-1
-1
-1
-1
-1
-1
-1
-1
-1
-1
-1
-1
-1
-1
-1
-1
-1
-1
-1
-1
-1
-1
-1
-1
-1
-1
-1
-1
-1
-1
-1
102897
-1
-1
-1
102927
-1
-1
-1
102940
-1
-1
-1
-1
-1
102962
-1
-1
-1
-1
-1
102982
-1
-1
-1
102987
102995
-1
-1
-1
-1
-1
-1
-1
102996
-1
-1
-1
-1
-1
-1
-1
-1
-1
-1
-1
-1
-1
-1
-1
-1
-1
-1
-1
-1
-1
-1
-1
-1
-1
-1
-1
-1
-1
-1
-1
-1
-1
-1
-1
-1
-1
-1
-1
-1
-1
-1
-1
-1
102998
103002
103009
103011
103016
103018
103019
103021
103022
-1
103024
103032
103051
103060
103069
103070
-1
103074
103100
103114
-1
103120
-1
-1
-1
-1
103122
-1
-1
-1
-1
-1
-1
-1
103123
-1
-1
-1
-1
-1
-1
-1
-1
-1
-1
-1
-1
-1
-1
-1
-1
-1
103125
-1
-1
-1
-1
-1
-1
-1
-1
-1
-1
-1
-1
-1
-1
-1
-1
-1
-1
-1
-1
-1
-1
-1
-1
-1
-1
-1
-1
-1
-1
-1
-1
-1
-1
-1
-1
-1
-1
-1
-1
-1
-1
-1
-1
-1
-1
-1
-1
-1
-1
-1
103133
103138
-1
-1
-1
-1
-1
-1
-1
-1
103139
103141
103147
103153
-1
103155
-1
103160
103162
103163
103164
-1
-1
-1
-1
-1
-1
-1
-1
-1
-1
-1
-1
-1
-1
-1
-1
-1
-1
-1
-1
-1
-1
-1
-1
-1
-1
-1
-1
-1
-1
-1
103171
103173
103314
103545
103605
103629
103631
103681
103684
-1
103716
103740
103751
103961
104202
104206
104321
104324
104497
104546
104737
104837
104876
104926
104940
104962
-1
-1
-1
-1
-1
-1
-1
-1
-1
-1
-1
-1
-1
-1
-1
-1
-1
-1
-1
-1
-1
-1
-1
-1
-1
-1
-1
-1
-1
-1
-1
-1
-1
-1
-1
-1
-1
-1
-1
-1
-1
-1
-1
-1
-1
-1
-1
-1
-1
-1
-1
-1
-1
-1
-1
-1
-1
-1
-1
-1
-1
-1
-1
-1
-1
-1
-1
-1
-1
-1
-1
-1
-1
-1
-1
-1
-1
-1
104990
105168
105174
105243
105259
105297
105308
105418
105423
-1
105473
105477
105478
105526
105625
105661
-1
105853
105865
105903
105952
106091
106170
106184
106209
106212
-1
-1
-1
-1
-1
-1
-1
-1
-1
-1
-1
-1
-1
-1
-1
-1
-1
-1
-1
-1
-1
-1
-1
-1
-1
-1
-1
-1
-1
-1
-1
-1
-1
-1
-1
-1
-1
-1
-1
-1
-1
-1
-1
-1
-1
-1
-1
-1
-1
-1
-1
-1
-1
-1
-1
-1
106213
-1
-1
-1
-1
-1
-1
-1
-1
-1
106215
-1
-1
-1
-1
-1
-1
-1
-1
-1
-1
-1
106217
106228
106323
106396
106404
106454
106497
106611
106612
106613
106614
106631
106664
106846
107066
107093
107198
107238
107250
107304
107563
107564
107614
107615
107622
107623
-1
-1
-1
-1
-1
-1
-1
-1
-1
-1
-1
-1
-1
-1
-1
-1
-1
-1
-1
-1
-1
-1
-1
-1
-1
-1
-1
-1
-1
-1
-1
-1
-1
-1
-1
-1
-1
-1
-1
-1
-1
-1
-1
-1
-1
-1
-1
-1
-1
-1
-1
-1
107628
-1
-1
-1
107634
-1
-1
-1
-1
-1
-1
-1
-1
-1
107636
-1
-1
-1
-1
-1
107637
-1
-1
-1
107638
-1
-1
-1
-1
-1
-1
-1
-1
-1
-1
-1
-1
-1
-1
-1
-1
-1
-1
-1
-1
-1
-1
-1
-1
-1
-1
-1
-1
-1
-1
-1
-1
-1
-1
-1
-1
-1
-1
-1
-1
-1
-1
-1
-1
-1
-1
-1
-1
-1
-1
-1
-1
-1
107641
107694
107759
107887
107913
107920
107931
108038
108042
-1
108055
108064
108085
108105
108214
108260
108312
108320
108391
108407
108434
108492
108537
108575
108600
108611
-1
-1
-1
-1
-1
-1
-1
-1
-1
-1
-1
-1
-1
-1
-1
-1
-1
-1
-1
-1
-1
-1
-1
-1
-1
-1
-1
-1
-1
-1
-1
-1
-1
-1
-1
-1
-1
-1
-1
-1
-1
-1
-1
-1
-1
-1
-1
-1
-1
-1
-1
-1
-1
-1
-1
-1
-1
-1
-1
-1
-1
-1
-1
-1
-1
-1
-1
-1
-1
-1
-1
-1
-1
-1
-1
-1
-1
-1
-1
-1
-1
-1
-1
-1
-1
-1
-1
-1
-1
-1
-1
-1
-1
-1
-1
-1
-1
-1
-1
-1
-1
-1
-1
-1
-1
-1
-1
-1
-1
-1
-1
-1
-1
-1
-1
-1
-1
-1
-1
-1
-1
-1
-1
-1
-1
-1
-1
-1
-1
-1
-1
108618
108643
108746
108772
108777
108781
108802
108803
108810
108811
108821
108831
108914
108984
108985
-1
109017
109047
109097
-1
109162
109165
109166
-1
109186
-1
-1
-1
-1
-1
-1
-1
-1
-1
-1
-1
-1
-1
-1
-1
-1
-1
-1
-1
-1
-1
-1
-1
-1
-1
-1
-1
-1
-1
-1
-1
-1
-1
-1
-1
-1
-1
-1
-1
-1
109187
-1
-1
-1
-1
-1
-1
-1
-1
-1
-1
-1
-1
-1
-1
-1
-1
-1
-1
-1
-1
-1
-1
-1
-1
-1
-1
-1
-1
-1
-1
-1
-1
-1
-1
-1
-1
-1
109189
-1
109192
109242
109246
-1
109250
-1
109255
-1
-1
-1
109257
109359
109375
109393
-1
109396
109420
109445
-1
-1
-1
109451
-1
-1
-1
-1
-1
-1
-1
-1
-1
-1
-1
-1
-1
-1
-1
-1
-1
-1
-1
-1
-1
-1
-1
-1
-1
-1
-1
-1
109456
109459
109466
109829
109920
109942
109950
110159
110210
110316
110347
110375
110767
110835
111368
111374
111389
111394
111938
112190
112431
112480
112485
112493
112532
112584
112630
-1
-1
-1
-1
-1
-1
-1
-1
-1
-1
-1
-1
-1
112632
-1
-1
-1
-1
-1
112633
-1
-1
-1
-1
-1
-1
-1
-1
-1
-1
-1
-1
-1
112635
-1
112636
-1
-1
-1
-1
-1
-1
-1
-1
-1
-1
-1
-1
-1
-1
-1
-1
-1
-1
-1
112637
-1
-1
-1
-1
-1
-1
-1
-1
-1
-1
-1
-1
-1
-1
-1
-1
-1
-1
-1
-1
-1
112639
112747
112748
112812
113025
-1
113055
113249
113257
113275
113276
113279
113624
113700
113941
113942
-1
113954
114231
114630
115355
115358
115359
115364
115369
115370
-1
-1
-1
-1
-1
-1
-1
-1
-1
-1
-1
-1
-1
-1
-1
-1
-1
-1
-1
-1
-1
-1
-1
-1
-1
-1
-1
-1
-1
-1
-1
-1
-1
-1
-1
-1
-1
-1
-1
-1
-1
-1
-1
-1
-1
-1
-1
-1
-1
-1
-1
-1
-1
-1
-1
-1
-1
-1
-1
-1
-1
-1
-1
-1
-1
-1
115383
-1
-1
-1
-1
-1
-1
-1
-1
-1
-1
-1
115386
115415
115416
115988
116097
116101
116104
116134
-1
116136
116138
116150
116420
116483
116723
-1
116730
116732
116803
117651
117729
-1
-1
117730
-1
117761
-1
-1
-1
-1
-1
-1
-1
-1
-1
-1
-1
-1
-1
-1
-1
-1
-1
-1
-1
-1
-1
-1
-1
-1
-1
-1
-1
-1
-1
-1
-1
-1
-1
-1
-1
-1
-1
-1
-1
-1
-1
-1
-1
-1
-1
-1
-1
-1
-1
-1
-1
-1
-1
-1
-1
-1
117774
-1
-1
-1
-1
-1
-1
-1
-1
-1
-1
-1
-1
-1
-1
-1
-1
-1
-1
-1
-1
-1
-1
-1
-1
-1
-1
-1
-1
-1
-1
-1
-1
-1
-1
-1
-1
-1
-1
-1
-1
-1
-1
-1
-1
-1
-1
-1
-1
-1
-1
-1
117775
-1
-1
-1
117797
-1
-1
-1
-1
-1
-1
-1
-1
-1
-1
-1
-1
-1
-1
-1
-1
-1
117804
117819
117853
117875
117970
117978
117982
118005
118033
118070
118073
118081
118248
118280
119231
119373
119394
119397
119747
119836
119958
120088
120109
120128
120131
120138
120147
-1
-1
-1
-1
-1
-1
-1
-1
-1
-1
-1
-1
-1
120148
-1
-1
120149
-1
-1
-1
-1
-1
-1
-1
-1
-1
-1
-1
-1
-1
-1
-1
-1
-1
-1
-1
-1
-1
-1
-1
-1
-1
-1
-1
-1
-1
-1
-1
-1
-1
-1
-1
-1
-1
-1
-1
-1
-1
-1
-1
-1
-1
-1
-1
-1
-1
-1
-1
-1
120151
-1
120152
-1
-1
-1
-1
-1
-1
-1
-1
-1
-1
-1
-1
-1
-1
-1
-1
-1
-1
-1
-1
-1
-1
-1
-1
-1
-1
-1
-1
-1
-1
-1
-1
-1
-1
-1
-1
-1
-1
-1
-1
-1
-1
-1
-1
-1
-1
-1
-1
-1
-1
-1
-1
-1
-1
-1
-1
-1
120154
120155
120156
120255
120309
120312
120328
120357
120360
120368
120369
120375
120767
120797
120872
120873
-1
120874
120975
121231
-1
-1
-1
121322
121323
121325
-1
-1
-1
-1
-1
-1
-1
-1
-1
-1
-1
-1
-1
-1
-1
-1
-1
-1
-1
-1
-1
-1
-1
-1
-1
-1
121334
-1
-1
-1
-1
-1
-1
-1
-1
-1
-1
-1
-1
-1
-1
-1
-1
-1
-1
-1
-1
-1
-1
-1
-1
-1
-1
-1
-1
-1
-1
-1
-1
-1
-1
-1
-1
-1
-1
-1
-1
-1
-1
-1
-1
-1
-1
-1
-1
-1
-1
-1
121336
-1
121351
121435
121444
-1
121533
-1
121536
-1
121542
121543
121554
121557
121561
-1
-1
121716
121857
121914
-1
-1
-1
121980
-1
122053
-1
-1
-1
-1
-1
-1
-1
-1
-1
-1
-1
-1
-1
-1
-1
-1
-1
-1
-1
-1
-1
-1
-1
-1
-1
-1
122071
122075
122105
122123
122128
-1
122138
122168
122181
122230
122231
122250
122252
122277
122331
122339
-1
122419
122523
122620
122731
122784
122830
-1
122834
122843
-1
-1
-1
-1
-1
-1
-1
-1
-1
-1
-1
-1
-1
-1
-1
-1
-1
-1
-1
-1
-1
-1
-1
-1
-1
-1
-1
-1
-1
-1
-1
-1
-1
-1
-1
-1
-1
-1
-1
-1
-1
-1
-1
-1
-1
-1
-1
-1
-1
-1
-1
-1
-1
-1
-1
-1
-1
-1
-1
-1
-1
-1
-1
-1
-1
-1
-1
-1
-1
-1
-1
-1
-1
-1
-1
-1
-1
-1
122864
122902
122940
123078
123082
123142
123151
123235
123238
123264
123266
123269
123279
123351
123354
123508
-1
123665
123727
123766
123824
124126
124142
124216
124222
-1
-1
-1
-1
-1
-1
-1
-1
-1
-1
-1
-1
-1
-1
-1
-1
-1
-1
-1
-1
-1
-1
-1
-1
-1
-1
-1
124223
-1
-1
-1
-1
-1
-1
-1
-1
-1
-1
-1
-1
-1
124226
-1
-1
-1
-1
-1
124227
-1
-1
-1
-1
-1
124228
-1
-1
-1
124229
-1
-1
-1
-1
-1
-1
-1
-1
-1
-1
-1
-1
-1
-1
-1
-1
-1
-1
-1
-1
-1
124231
124239
124252
124341
124378
124395
124402
124494
-1
-1
124504
124510
124521
124547
124592
124603
124628
124629
124633
124643
124755
124757
-1
124767
124769
124770
124775
-1
-1
-1
-1
-1
-1
-1
-1
-1
-1
-1
-1
-1
-1
-1
-1
-1
-1
-1
-1
-1
-1
-1
-1
-1
-1
-1
-1
-1
-1
-1
-1
-1
-1
-1
-1
-1
-1
-1
-1
-1
-1
-1
-1
-1
-1
-1
-1
-1
-1
-1
-1
-1
-1
-1
-1
-1
-1
-1
-1
-1
-1
-1
-1
-1
-1
-1
-1
-1
-1
-1
-1
-1
-1
-1
-1
-1
-1
-1
-1
-1
-1
-1
-1
-1
-1
-1
-1
-1
-1
-1
-1
-1
-1
-1
-1
-1
-1
-1
-1
-1
-1
-1
-1
-1
-1
-1
-1
-1
-1
-1
-1
-1
-1
-1
-1
-1
-1
-1
-1
-1
-1
-1
-1
-1
-1
-1
-1
-1
124778
124786
124812
124870
124906
-1
124917
124926
124928
-1
124952
124953
124961
125040
127833
127862
-1
127867
128000
128088
128252
128282
128358
128379
128385
128388
-1
-1
-1
-1
-1
-1
-1
-1
-1
-1
-1
-1
-1
-1
-1
-1
-1
-1
-1
-1
-1
-1
-1
-1
-1
-1
-1
-1
-1
-1
-1
-1
-1
-1
-1
-1
-1
-1
-1
-1
-1
-1
-1
-1
-1
-1
-1
-1
-1
-1
-1
-1
-1
-1
-1
-1
-1
-1
-1
-1
-1
-1
-1
-1
-1
-1
-1
-1
-1
-1
-1
-1
-1
-1
-1
-1
-1
-1
-1
-1
-1
-1
-1
-1
-1
-1
-1
-1
-1
-1
-1
-1
-1
-1
-1
-1
-1
-1
-1
-1
-1
-1
-1
-1
-1
-1
-1
-1
-1
-1
-1
128391
-1
-1
-1
-1
-1
-1
-1
-1
-1
-1
-1
-1
-1
-1
-1
-1
-1
-1
128393
128394
128413
128477
-1
-1
128502
-1
128514
-1
128516
128518
128546
128628
-1
128661
128668
128669
128700
128703
-1
-1
-1
-1
-1
128761
-1
-1
-1
-1
-1
-1
-1
-1
-1
-1
-1
-1
-1
-1
-1
-1
-1
-1
-1
-1
-1
-1
-1
-1
-1
-1
-1
-1
-1
-1
-1
-1
-1
-1
-1
-1
-1
-1
-1
-1
-1
-1
-1
-1
-1
-1
-1
-1
-1
-1
-1
-1
-1
-1
-1
-1
-1
-1
-1
-1
-1
-1
-1
-1
-1
-1
-1
-1
-1
-1
-1
-1
-1
-1
-1
-1
-1
-1
128764
-1
128768
128798
128799
-1
-1
-1
-1
-1
-1
128800
128802
-1
128841
-1
-1
128842
128843
-1
-1
-1
-1
128847
-1
-1
-1
-1
-1
-1
-1
-1
-1
-1
-1
-1
-1
-1
-1
-1
-1
-1
-1
-1
-1
-1
-1
-1
-1
-1
-1
-1
-1
-1
-1
128850
-1
128851
-1
-1
-1
-1
128856
-1
128870
128871
-1
-1
-1
128872
128898
128905
-1
-1
-1
-1
-1
-1
128923
128928
128930
128937
128947
128985
-1
-1
128991
129001
-1
129045
129119
129121
129130
129143
-1
129145
129152
129280
129328
129331
-1
-1
-1
-1
129353
-1
129354
-1
129450
-1
-1
129485
129526
-1
129527
129528
-1
129529
129530
-1
129533
129534
-1
129540
129728
-1
-1
-1
129756
-1
129770
-1
-1
129781
129794
-1
-1
-1
129801
-1
-1
-1
-1
-1
129817
-1
-1
-1
129938
-1
129940
-1
-1
-1
129941
129950
-1
-1
129954
129967
-1
-1
-1
-1
-1
-1
-1
-1
-1
129978
-1
-1
-1
130007
130009
-1
-1
-1
-1
-1
-1
-1
-1
-1
-1
-1
130032
130033
-1
-1
-1
-1
-1
130126
-1
-1
130127
-1
-1
-1
-1
130128
-1
-1
-1
-1
-1
-1
130142
130146
130147
130149
130151
-1
130153
130154
130157
-1
-1
130160
130163
-1
130164
130165
-1
130166
-1
130173
130174
-1
-1
-1
130175
-1
-1
-1
-1
-1
130178
-1
-1
-1
130179
-1
-1
-1
130182
-1
130186
-1
-1
-1
-1
-1
-1
-1
-1
-1
-1
-1
-1
-1
-1
130188
-1
-1
-1
-1
130192
-1
130193
130195
130232
130233
-1
-1
-1
130240
130241
130243
-1
-1
-1
-1
-1
-1
-1
-1
-1
-1
-1
-1
-1
-1
130245
-1
-1
-1
-1
-1
-1
-1
-1
-1
-1
-1
-1
-1
-1
-1
-1
-1
130248
-1
-1
-1
130251
-1
-1
-1
130254
-1
-1
130258
-1
-1
130262
-1
-1
130264
130266
130267
130268
-1
-1
-1
-1
-1
130270
-1
130276
130278
130295
130364
130376
-1
130377
-1
-1
130513
130519
130520
130521
130533
-1
-1
130536
130537
-1
-1
-1
-1
130539
-1
130559
130571
-1
-1
130588
-1
-1
-1
130608
-1
-1
130621
130622
130632
130744
130757
-1
-1
-1
-1
-1
-1
-1
-1
-1
-1
130787
-1
130798
130826
130837
130878
130882
130884
130885
-1
130903
130905
130913
-1
130915
-1
-1
130948
130950
130962
130987
-1
130988
-1
130993
131032
131033
131034
131036
131043
131044
131046
131049
-1
131061
-1
131063
131066
131078
131086
-1
131088
-1
131116
131118
131131
-1
-1
-1
-1
-1
131139
131144
-1
-1
131171
131172
-1
-1
131250
131397
-1
-1
-1
-1
-1
131505
131513
-1
-1
131581
131605
131667
-1
-1
-1
-1
-1
-1
-1
-1
-1
-1
-1
-1
-1
-1
-1
-1
-1
-1
-1
-1
-1
-1
-1
-1
-1
131681
-1
-1
-1
-1
-1
131683
131758
131808
131891
131935
131966
131968
-1
132085
-1
132167
132169
132181
132185
132284
132328
-1
132355
132361
132370
132607
132608
-1
-1
132612
-1
132634
-1
132638
-1
132704
-1
-1
132706
132707
-1
132720
-1
132721
132769
132771
132776
-1
-1
132795
132841
-1
-1
133078
-1
-1
-1
133080
-1
-1
-1
133095
-1
-1
133098
133134
-1
133157
-1
-1
-1
133158
-1
-1
-1
-1
133234
133255
-1
-1
-1
133258
-1
133259
133265
133266
133267
133271
133272
133273
-1
133277
-1
133279
133280
-1
133281
-1
133283
-1
133285
133293
133295
-1
-1
-1
-1
-1
134088
134089
-1
-1
-1
134152
-1
-1
-1
136208
-1
-1
-1
-1
-1
136259
-1
-1
-1
-1
-1
136289
-1
-1
-1
-1
-1
-1
-1
-1
136301
136302
-1
136319
-1
136320
-1
136321
136322
-1
136338
-1
-1
-1
136346
136349
136352
-1
-1
-1
-1
136353
-1
136355
136396
136404
136406
136408
136415
136420
136422
136431
-1
-1
136457
136460
-1
136462
136469
-1
136471
136472
136474
-1
-1
136477
-1
136478
-1
136641
-1
-1
-1
136643
-1
-1
-1
-1
-1
-1
-1
-1
-1
-1
-1
-1
-1
136644
-1
-1
-1
-1
-1
-1
-1
136665
-1
-1
-1
136668
-1
-1
-1
136669
-1
-1
-1
-1
-1
136670
-1
-1
-1
-1
-1
-1
-1
-1
-1
-1
-1
136700
136703
136714
136868
136918
-1
136948
137005
137018
137088
137093
137101
137845
137897
138491
138494
138668
138670
139980
140189
140536
140631
140664
140692
140704
140731
-1
-1
-1
-1
-1
-1
-1
-1
-1
-1
-1
-1
-1
-1
-1
-1
-1
-1
-1
-1
-1
-1
-1
-1
-1
-1
-1
-1
-1
-1
-1
-1
-1
-1
-1
-1
-1
-1
-1
-1
-1
-1
-1
-1
-1
-1
-1
-1
-1
-1
-1
-1
-1
-1
-1
-1
-1
-1
-1
-1
-1
-1
-1
-1
-1
-1
-1
-1
-1
-1
-1
-1
-1
-1
-1
-1
-1
-1
140732
140863
140874
140983
141193
-1
141243
141278
141281
141291
141299
141305
141497
141506
142000
142015
142090
142091
143544
143606
143837
-1
143844
-1
143860
143865
143875
-1
-1
-1
143876
-1
-1
-1
-1
-1
-1
-1
-1
-1
-1
-1
-1
-1
-1
-1
143879
-1
-1
-1
-1
-1
-1
-1
-1
-1
-1
-1
-1
-1
-1
-1
-1
-1
-1
-1
-1
-1
-1
-1
-1
-1
-1
-1
-1
-1
-1
-1
143881
-1
-1
-1
144340
-1
-1
-1
144489
-1
-1
144756
-1
-1
144857
-1
-1
145530
-1
145644
145684
-1
-1
-1
145690
-1
146200
146253
146256
146462
146469
146574
146578
-1
146657
-1
146658
146674
146840
146876
147155
147169
147252
147262
147299
147401
147538
147540
-1
147545
-1
147550
-1
-1
-1
-1
-1
-1
-1
-1
-1
-1
-1
-1
-1
-1
-1
-1
-1
-1
-1
-1
-1
-1
-1
-1
-1
-1
-1
-1
-1
-1
-1
-1
-1
-1
-1
-1
-1
-1
-1
-1
-1
-1
-1
-1
-1
-1
-1
-1
-1
-1
-1
-1
147555
-1
-1
-1
148321
-1
-1
-1
148692
-1
-1
-1
-1
-1
148748
-1
-1
-1
-1
-1
148836
-1
-1
-1
149121
-1
-1
-1
-1
-1
-1
-1
-1
-1
-1
-1
-1
-1
-1
-1
-1
-1
-1
-1
-1
-1
-1
-1
-1
-1
-1
-1
-1
-1
-1
-1
149131
-1
-1
-1
-1
-1
-1
-1
-1
-1
-1
-1
-1
-1
-1
-1
-1
-1
-1
-1
-1
-1
149289
149299
149304
149344
149475
-1
149539
149560
149565
-1
149643
149669
150720
150807
150926
150969
-1
151066
151369
151961
152113
152181
152186
152222
152224
152226
-1
-1
-1
-1
-1
-1
-1
-1
-1
-1
-1
-1
-1
-1
-1
-1
-1
-1
-1
-1
-1
-1
-1
-1
-1
-1
-1
-1
-1
-1
-1
-1
-1
-1
-1
-1
-1
-1
-1
-1
-1
-1
-1
-1
-1
-1
-1
-1
-1
-1
-1
-1
152229
-1
-1
-1
152468
-1
-1
-1
155499
-1
-1
-1
-1
-1
155870
-1
-1
-1
-1
-1
158314
-1
-1
-1
158385
-1
158397
-1
158443
-1
158444
-1
-1
159064
159067
-1
-1
-1
-1
-1
159109
-1
-1
-1
159141
159142
-1
-1
-1
-1
159143
-1
159374
-1
-1
-1
159378
-1
-1
-1
159518
-1
-1
-1
-1
-1
159535
-1
-1
-1
-1
-1
-1
-1
-1
-1
159552
-1
159572
159574
159623
159654
159695
159719
159736
-1
159762
159772
159774
159787
159975
160003
-1
160151
160215
160217
160412
160460
-1
-1
-1
160526
160527
160529
-1
-1
-1
-1
-1
-1
-1
-1
-1
-1
-1
-1
-1
-1
-1
-1
-1
-1
-1
-1
-1
-1
-1
-1
-1
-1
-1
-1
-1
-1
-1
-1
-1
-1
-1
-1
-1
-1
-1
-1
-1
-1
-1
-1
-1
-1
-1
-1
-1
-1
-1
-1
-1
-1
-1
-1
-1
-1
-1
-1
-1
-1
-1
-1
-1
-1
-1
-1
-1
-1
-1
-1
-1
-1
-1
-1
-1
-1
160548
-1
160551
-1
160589
-1
160610
-1
160644
160646
160648
160652
-1
-1
160681
-1
-1
160738
-1
161101
161144
161145
-1
161146
-1
-1
-1
-1
-1
-1
-1
-1
-1
-1
-1
-1
-1
-1
-1
-1
-1
-1
-1
-1
-1
-1
-1
-1
-1
-1
-1
-1
-1
-1
-1
-1
-1
-1
-1
-1
-1
-1
-1
-1
-1
-1
-1
-1
-1
-1
161156
-1
-1
-1
-1
-1
-1
-1
-1
-1
-1
-1
-1
-1
-1
-1
-1
-1
-1
-1
-1
-1
-1
-1
-1
-1
-1
-1
-1
-1
-1
-1
-1
-1
-1
-1
-1
-1
-1
-1
-1
-1
-1
-1
-1
-1
-1
-1
-1
-1
-1
-1
-1
-1
-1
-1
-1
-1
-1
-1
-1
-1
-1
-1
-1
-1
-1
-1
-1
-1
-1
-1
-1
-1
-1
-1
-1
-1
-1
-1
-1
-1
-1
-1
-1
-1
-1
-1
-1
-1
-1
-1
-1
-1
-1
-1
-1
-1
-1
-1
-1
-1
-1
161157
-1
-1
-1
-1
-1
-1
-1
-1
-1
-1
-1
-1
-1
-1
-1
-1
-1
-1
-1
-1
-1
-1
-1
-1
-1
-1
-1
-1
-1
-1
-1
-1
-1
-1
-1
-1
-1
-1
-1
-1
-1
-1
-1
-1
-1
-1
-1
-1
-1
-1
-1
-1
-1
-1
-1
-1
-1
-1
-1
-1
-1
-1
-1
-1
-1
-1
-1
-1
-1
-1
-1
-1
-1
-1
-1
-1
-1
-1
-1
-1
-1
-1
-1
-1
-1
-1
-1
-1
-1
-1
-1
-1
-1
-1
-1
-1
-1
-1
-1
161159
-1
-1
-1
-1
-1
-1
-1
-1
-1
-1
-1
-1
-1
-1
-1
-1
-1
-1
-1
-1
-1
-1
-1
-1
-1
-1
-1
-1
-1
-1
-1
-1
-1
-1
-1
-1
-1
-1
-1
-1
-1
-1
-1
-1
-1
-1
-1
-1
-1
-1
-1
-1
-1
-1
-1
-1
-1
-1
-1
-1
-1
-1
-1
-1
-1
-1
-1
-1
-1
-1
-1
-1
-1
-1
-1
-1
-1
-1
-1
-1
-1
-1
-1
-1
-1
-1
-1
-1
-1
-1
-1
-1
-1
-1
-1
-1
-1
-1
-1
-1
-1
-1
-1
-1
-1
-1
-1
-1
-1
-1
-1
-1
-1
-1
-1
-1
-1
-1
-1
-1
-1
-1
-1
-1
-1
-1
-1
-1
-1
-1
-1
-1
-1
-1
-1
-1
-1
-1
-1
-1
-1
-1
-1
-1
-1
-1
-1
-1
-1
161160
-1
-1
-1
-1
-1
-1
-1
161161
-1
-1
-1
-1
-1
-1
-1
-1
-1
-1
-1
-1
-1
-1
-1
-1
-1
-1
-1
-1
-1
-1
-1
-1
-1
-1
-1
-1
-1
-1
-1
-1
-1
-1
-1
-1
-1
-1
-1
-1
-1
-1
-1
-1
-1
-1
-1
-1
-1
-1
-1
-1
-1
-1
-1
-1
-1
-1
-1
-1
-1
-1
-1
-1
-1
-1
-1
-1
-1
-1
-1
-1
-1
-1
-1
-1
-1
-1
-1
-1
-1
-1
-1
-1
-1
-1
-1
-1
-1
-1
-1
-1
-1
-1
-1
-1
-1
-1
-1
-1
-1
-1
-1
-1
-1
-1
-1
-1
-1
-1
-1
-1
-1
-1
-1
-1
-1
-1
-1
-1
-1
-1
-1
-1
-1
-1
-1
-1
-1
-1
-1
-1
-1
-1
-1
-1
-1
-1
-1
-1
161162
161671
-1
-1
161672
-1
-1
-1
161826
-1
-1
-1
-1
162250
162251
-1
-1
162305
-1
-1
-1
-1
-1
-1
-1
-1
-1
-1
-1
-1
-1
-1
-1
-1
-1
-1
-1
-1
-1
-1
-1
-1
-1
-1
-1
-1
-1
-1
-1
-1
-1
-1
-1
-1
-1
-1
-1
-1
-1
-1
-1
-1
-1
-1
-1
-1
-1
-1
-1
-1
-1
-1
-1
-1
-1
-1
-1
-1
-1
-1
-1
-1
-1
-1
-1
-1
-1
-1
-1
-1
-1
-1
-1
-1
-1
-1
-1
-1
-1
-1
-1
-1
-1
-1
-1
-1
-1
-1
-1
-1
-1
-1
-1
-1
-1
-1
-1
-1
-1
-1
-1
-1
-1
-1
-1
-1
-1
-1
-1
-1
-1
-1
-1
-1
-1
-1
-1
-1
-1
-1
-1
-1
-1
-1
-1
-1
-1
-1
-1
-1
-1
-1
-1
-1
-1
-1
162309
162312
162383
162501
-1
162726
162756
162812
162817
162891
162907
162929
162942
163088
163225
163226
-1
163310
163327
163389
163536
163555
163609
163618
163619
163633
-1
-1
-1
-1
-1
-1
-1
-1
-1
-1
-1
-1
-1
-1
-1
-1
-1
-1
-1
-1
-1
-1
-1
-1
-1
-1
-1
-1
-1
-1
-1
-1
-1
-1
-1
-1
-1
-1
-1
-1
-1
-1
-1
-1
-1
-1
-1
-1
-1
-1
-1
-1
-1
-1
-1
-1
-1
-1
-1
-1
-1
-1
-1
-1
-1
-1
-1
-1
-1
-1
-1
-1
-1
-1
-1
-1
-1
-1
163652
164050
164245
165012
165372
165433
165736
165961
166022
166274
166312
166322
166529
166771
166919
166976
167490
167527
167569
168237
168714
168749
169041
169102
169105
169110
-1
-1
-1
-1
-1
-1
-1
-1
-1
-1
-1
-1
-1
-1
-1
-1
-1
-1
-1
-1
-1
-1
-1
-1
-1
-1
-1
-1
-1
-1
-1
-1
-1
-1
-1
-1
-1
-1
-1
-1
-1
-1
-1
-1
-1
-1
-1
-1
-1
-1
-1
-1
169111
-1
-1
-1
169206
-1
-1
-1
169289
-1
-1
-1
-1
-1
169463
-1
-1
-1
-1
-1
169566
-1
-1
-1
169572
-1
169658
169664
169719
169795
169854
169862
169888
-1
-1
-1
169959
169967
169977
170006
170087
170101
-1
170151
170152
170191
-1
170217
-1
170276
170279
170280
-1
-1
-1
-1
-1
-1
-1
-1
-1
-1
-1
-1
-1
-1
-1
-1
-1
-1
-1
-1
-1
-1
-1
-1
-1
-1
-1
-1
-1
-1
-1
-1
-1
-1
-1
-1
-1
-1
-1
-1
-1
-1
-1
-1
-1
-1
-1
-1
-1
-1
-1
-1
-1
-1
-1
-1
-1
-1
-1
-1
-1
-1
-1
-1
-1
-1
-1
-1
-1
-1
-1
-1
-1
-1
-1
-1
-1
-1
-1
-1
-1
-1
-1
-1
-1
-1
-1
-1
-1
-1
-1
-1
-1
-1
-1
-1
-1
-1
-1
-1
-1
-1
-1
-1
-1
-1
-1
-1
-1
-1
-1
-1
-1
-1
-1
-1
-1
-1
-1
-1
-1
-1
-1
-1
-1
-1
-1
-1
-1
-1
170287
170336
170396
170464
170507
-1
170536
170557
170562
-1
170575
170584
170624
170724
170761
170848
170879
170885
170900
171031
171122
171277
171284
171318
171329
171346
-1
-1
-1
-1
-1
-1
-1
-1
-1
-1
-1
-1
-1
-1
-1
-1
-1
-1
-1
-1
-1
-1
-1
-1
-1
-1
-1
-1
-1
-1
-1
-1
-1
-1
-1
-1
-1
-1
-1
-1
-1
-1
-1
-1
-1
-1
-1
-1
-1
-1
-1
-1
-1
-1
-1
-1
-1
-1
-1
-1
-1
-1
-1
-1
-1
-1
-1
-1
-1
-1
-1
-1
-1
-1
-1
-1
-1
-1
-1
-1
-1
-1
-1
-1
-1
-1
-1
-1
-1
-1
-1
-1
-1
-1
-1
-1
-1
-1
-1
-1
-1
-1
-1
-1
-1
-1
-1
-1
-1
-1
-1
-1
-1
-1
-1
-1
-1
-1
-1
-1
-1
-1
-1
-1
-1
-1
-1
-1
-1
-1
171347
171350
171453
171468
171513
171525
171566
-1
171589
-1
171604
171606
171619
171698
-1
171762
-1
171789
171804
171906
-1
171954
-1
171955
-1
-1
-1
-1
-1
-1
-1
-1
-1
-1
-1
-1
-1
-1
-1
-1
-1
-1
-1
-1
-1
-1
171956
-1
-1
-1
-1
-1
-1
-1
-1
-1
-1
-1
-1
-1
-1
-1
-1
-1
-1
-1
-1
-1
-1
-1
-1
-1
-1
-1
-1
-1
-1
-1
-1
-1
-1
-1
-1
-1
-1
-1
-1
-1
-1
-1
-1
-1
-1
-1
-1
-1
-1
-1
-1
-1
-1
-1
-1
-1
171957
171959
-1
171960
171961
-1
-1
-1
-1
-1
-1
-1
171963
171965
171969
171972
-1
-1
-1
171974
171976
-1
-1
-1
-1
-1
-1
-1
-1
-1
-1
-1
-1
-1
-1
-1
-1
-1
-1
-1
-1
-1
-1
-1
-1
-1
-1
-1
-1
-1
-1
-1
171980
171984
172106
172359
172414
172420
172463
172528
172543
172609
172611
172631
173009
173118
173398
173400
173525
173526
173768
173795
173951
174051
174106
174150
174194
174204
174205
-1
-1
-1
-1
-1
-1
-1
-1
-1
-1
174206
-1
-1
174207
-1
-1
-1
-1
-1
-1
-1
-1
-1
-1
-1
174208
-1
-1
-1
174631
-1
-1
174696
175066
-1
-1
175230
-1
-1
175360
-1
-1
175696
-1
-1
176116
-1
-1
-1
176283
-1
-1
-1
-1
-1
176356
-1
-1
-1
-1
-1
-1
-1
-1
-1
-1
-1
-1
176357
-1
-1
-1
-1
-1
-1
-1
-1
176359
176522
176547
176716
176783
176866
176867
176893
176894
176968
176977
176983
177136
178192
-1
178397
178609
178647
179094
179170
179238
179239
179284
179302
179410
-1
-1
-1
-1
-1
-1
-1
-1
-1
-1
-1
-1
-1
-1
-1
179414
-1
-1
-1
-1
-1
-1
-1
-1
-1
-1
-1
179415
-1
-1
-1
-1
-1
-1
-1
-1
-1
-1
-1
-1
-1
-1
-1
-1
179416
-1
-1
-1
-1
-1
-1
-1
-1
179419
-1
-1
-1
179857
-1
-1
-1
180158
-1
180409
180410
-1
-1
180412
-1
-1
180702
-1
180818
180820
-1
180885
-1
180886
-1
180897
180929
180961
181032
181133
181163
181177
181321
-1
-1
181322
181337
181587
181719
181971
181977
-1
182068
182130
182181
182227
182230
182245
182248
-1
182276
182300
-1
-1
-1
-1
-1
-1
-1
-1
-1
-1
-1
-1
-1
182302
-1
-1
-1
-1
-1
-1
-1
-1
-1
-1
-1
182303
-1
-1
-1
182332
-1
-1
-1
182456
-1
-1
182623
-1
-1
182628
-1
-1
182640
-1
-1
182645
-1
-1
-1
182675
-1
182708
-1
-1
-1
182915
-1
-1
-1
183016
-1
-1
-1
-1
-1
183175
-1
-1
-1
-1
-1
183302
-1
-1
-1
183407
-1
183413
-1
-1
-1
183483
-1
-1
-1
183525
-1
-1
-1
-1
-1
183602
-1
-1
183683
-1
-1
183684
-1
-1
-1
183723
-1
183730
-1
-1
-1
183854
-1
-1
-1
183905
-1
-1
-1
-1
-1
183986
-1
-1
-1
-1
-1
184121
-1
-1
-1
184173
-1
184176
184224
184253
184366
184408
184411
184440
184454
184456
184468
184474
184484
184793
184949
185047
185087
-1
185146
185296
185305
185331
185493
185512
185538
185539
185543
185547
-1
-1
-1
185885
-1
-1
186315
186555
-1
-1
187013
-1
-1
187236
-1
-1
187616
-1
-1
187779
-1
-1
-1
187859
-1
-1
-1
-1
-1
-1
-1
-1
-1
-1
-1
-1
-1
-1
-1
-1
-1
-1
-1
-1
-1
187872
-1
-1
-1
-1
-1
188205
-1
-1
-1
-1
-1
-1
-1
188207
-1
-1
-1
-1
-1
-1
-1
-1
-1
-1
-1
188216
-1
-1
-1
-1
-1
-1
-1
-1
-1
-1
-1
-1
-1
188217
-1
-1
-1
-1
-1
-1
-1
-1
-1
-1
-1
188218
-1
-1
-1
-1
-1
188220
-1
188934
-1
188935
-1
-1
189630
189633
-1
-1
-1
-1
-1
189943
-1
-1
190377
-1
-1
191162
-1
-1
-1
191355
-1
191474
191500
193121
193256
193297
193310
193384
193432
193433
193471
193472
193477
193874
193967
194100
194103
-1
195388
195605
195714
195741
-1
195743
-1
195746
195747
195755
-1
-1
-1
195763
-1
-1
-1
195765
-1
-1
-1
-1
-1
-1
-1
-1
-1
-1
-1
-1
-1
-1
-1
-1
-1
195766
-1
-1
-1
195942
-1
-1
-1
196060
-1
-1
-1
-1
-1
196192
-1
-1
-1
-1
-1
196240
-1
-1
-1
-1
-1
-1
-1
-1
-1
-1
-1
-1
-1
-1
-1
-1
-1
-1
-1
-1
-1
-1
-1
-1
-1
-1
-1
-1
-1
-1
-1
196244
196245
196258
196288
196291
-1
-1
-1
-1
-1
-1
196297
196376
196572
197017
197018
-1
197045
197089
-1
197129
-1
-1
-1
-1
197130
197135
-1
-1
-1
197136
-1
-1
-1
-1
-1
-1
197137
-1
-1
197138
-1
-1
-1
-1
-1
-1
-1
-1
-1
-1
-1
197142
197146
197270
197409
197419
197452
197468
197506
197521
197619
197621
197648
197835
197947
198163
198172
198285
198286
198585
198658
198717
198830
198853
198877
198951
198965
-1
-1
-1
-1
-1
-1
-1
-1
-1
-1
-1
-1
-1
-1
-1
-1
-1
-1
-1
-1
-1
-1
-1
-1
-1
-1
198966
-1
-1
-1
-1
-1
-1
198967
-1
-1
198983
-1
-1
-1
-1
-1
-1
-1
-1
-1
-1
-1
-1
-1
-1
-1
-1
-1
-1
-1
-1
-1
-1
-1
-1
-1
-1
-1
-1
-1
-1
-1
-1
-1
-1
-1
-1
-1
-1
-1
-1
-1
198986
199122
199126
199217
199231
199285
199286
199308
199318
199330
199333
199343
199692
199835
200121
200125
200153
200156
200509
200624
200986
201017
201018
201025
-1
201051
-1
-1
-1
-1
-1
-1
-1
-1
-1
-1
-1
-1
-1
-1
-1
-1
-1
-1
-1
-1
-1
-1
-1
-1
-1
-1
-1
-1
-1
-1
-1
-1
-1
-1
-1
-1
-1
-1
-1
-1
-1
-1
-1
-1
-1
-1
-1
-1
-1
-1
-1
-1
201057
-1
-1
-1
201258
-1
-1
-1
202009
-1
-1
202313
-1
-1
202317
-1
-1
202499
-1
-1
202759
-1
202892
-1
202915
-1
203076
203085
203115
203172
203217
203237
203248
-1
-1
-1
203306
203314
203380
203509
203672
203675
-1
203732
203776
203789
-1
203929
203933
-1
-1
203934
203937
-1
-1
-1
-1
-1
-1
-1
203938
-1
-1
-1
-1
-1
203939
-1
-1
-1
-1
-1
-1
-1
-1
-1
-1
-1
-1
-1
-1
-1
-1
-1
-1
-1
-1
-1
-1
-1
-1
-1
-1
-1
-1
-1
-1
-1
-1
-1
-1
-1
-1
-1
203940
-1
-1
-1
-1
-1
-1
-1
203944
-1
-1
-1
-1
-1
-1
-1
-1
-1
-1
-1
-1
-1
-1
-1
-1
-1
-1
-1
-1
-1
203945
-1
-1
-1
-1
-1
-1
-1
-1
-1
-1
-1
-1
-1
-1
-1
-1
-1
-1
-1
-1
-1
-1
-1
-1
-1
-1
-1
-1
-1
-1
-1
-1
-1
-1
-1
-1
-1
-1
-1
-1
-1
-1
-1
-1
-1
-1
-1
203949
203991
204021
204045
204065
204078
204092
204112
204118
-1
204143
204154
204242
204316
204450
204530
204659
204660
204905
204935
205000
205088
205094
205176
205273
205296
-1
-1
-1
-1
-1
-1
-1
-1
-1
-1
-1
-1
-1
-1
-1
-1
-1
-1
-1
-1
-1
-1
-1
-1
-1
-1
-1
-1
-1
-1
-1
-1
-1
-1
-1
-1
-1
-1
-1
-1
-1
-1
-1
-1
-1
-1
-1
-1
-1
-1
-1
-1
205299
-1
-1
-1
206381
-1
-1
-1
206642
-1
-1
-1
-1
-1
207981
-1
-1
-1
-1
-1
208357
-1
-1
-1
208557
-1
208613
-1
208624
-1
208627
-1
-1
208630
208631
-1
-1
-1
-1
-1
208637
-1
-1
-1
-1
208639
208640
-1
-1
-1
-1
-1
-1
-1
-1
-1
-1
-1
-1
-1
-1
-1
-1
-1
-1
-1
-1
-1
-1
-1
-1
-1
-1
-1
-1
-1
-1
-1
208650
208662
208866
208890
208894
208897
208915
-1
208929
-1
208939
208943
208972
209035
-1
209126
209147
209148
209468
209507
-1
-1
209555
209556
209558
209560
-1
-1
-1
-1
-1
-1
-1
-1
-1
-1
-1
-1
-1
-1
-1
-1
-1
-1
-1
-1
-1
-1
-1
-1
-1
-1
209563
-1
-1
-1
209613
-1
-1
-1
209659
-1
-1
-1
-1
-1
209793
-1
-1
-1
-1
-1
-1
-1
-1
-1
209803
-1
-1
-1
-1
-1
-1
-1
-1
-1
-1
-1
-1
-1
-1
-1
-1
-1
-1
-1
-1
-1
-1
-1
-1
-1
-1
-1
-1
209805
209808
209817
209819
-1
209821
-1
209822
-1
209824
209828
209858
209892
-1
209897
-1
210025
210091
210093
-1
-1
-1
-1
-1
-1
210096
-1
-1
-1
210099
-1
-1
-1
-1
-1
-1
-1
-1
-1
210101
-1
-1
-1
-1
-1
210104
-1
-1
-1
-1
-1
-1
-1
-1
-1
-1
-1
-1
-1
-1
-1
-1
-1
-1
210107
-1
-1
-1
210108
-1
-1
210110
-1
-1
-1
210111
-1
-1
210112
-1
-1
210114
-1
-1
-1
210119
-1
-1
-1
-1
-1
-1
-1
-1
-1
-1
-1
210139
-1
-1
-1
-1
-1
210140
-1
-1
-1
-1
-1
-1
210143
-1
-1
210145
-1
-1
-1
-1
-1
-1
-1
-1
-1
-1
-1
-1
-1
-1
-1
210147
-1
-1
210152
210157
-1
-1
-1
210158
-1
-1
-1
-1
-1
210161
-1
-1
-1
210167
-1
-1
-1
-1
-1
-1
-1
-1
-1
-1
-1
-1
-1
-1
-1
-1
-1
-1
-1
-1
-1
-1
-1
-1
-1
-1
-1
210168
-1
-1
-1
-1
-1
-1
-1
-1
-1
-1
-1
-1
-1
-1
-1
-1
-1
-1
-1
-1
-1
-1
-1
-1
-1
-1
-1
-1
-1
-1
-1
210170
-1
-1
-1
-1
-1
-1
210172
-1
-1
-1
210173
-1
-1
-1
-1
-1
210180
210183
-1
-1
-1
-1
-1
-1
-1
-1
-1
-1
-1
-1
-1
-1
-1
-1
-1
-1
210186
-1
-1
-1
-1
-1
-1
-1
210188
-1
-1
-1
-1
-1
-1
-1
-1
-1
-1
-1
-1
210190
-1
-1
-1
-1
210193
-1
210194
-1
-1
-1
210201
-1
210202
-1
-1
-1
-1
-1
-1
-1
-1
-1
-1
-1
-1
-1
-1
210204
-1
-1
-1
-1
-1
-1
-1
-1
-1
-1
-1
-1
-1
-1
-1
-1
-1
210205
-1
-1
-1
210206
-1
-1
-1
210207
-1
-1
-1
-1
-1
-1
-1
-1
210208
-1
-1
210210
-1
-1
-1
-1
-1
210211
-1
210213
-1
210226
-1
-1
-1
210235
-1
-1
210240
210249
210258
210268
-1
-1
210288
210289
210296
210520
210530
-1
-1
210535
-1
210538
210541
-1
-1
210630
-1
-1
-1
210631
-1
-1
210633
-1
-1
-1
210634
210648
-1
-1
-1
210649
-1
-1
-1
-1
-1
210651
211544
212177
213613
215513
216251
216969
217372
217770
218657
218734
218818
219166
219735
219894
220144
221219
221301
222172
223846
224498
224567
224779
-1
225145
225159
-1
-1
-1
-1
-1
-1
-1
-1
-1
-1
-1
-1
-1
-1
-1
-1
-1
-1
-1
-1
-1
-1
-1
-1
-1
-1
225168
225182
225232
225271
225283
225286
225306
225325
225358
225359
225361
225365
225400
225407
225408
225410
225441
225442
225488
225587
225619
225622
225624
-1
225649
-1
-1
-1
-1
-1
-1
-1
-1
-1
-1
-1
-1
-1
-1
-1
-1
-1
-1
-1
-1
-1
-1
-1
-1
-1
-1
-1
225652
225756
225778
225790
225794
225945
225947
225958
225959
-1
-1
226008
226012
226013
226024
-1
-1
226162
226165
226183
226198
226212
-1
-1
-1
-1
226214
-1
-1
-1
226224
-1
-1
226240
226256
-1
226260
-1
-1
226262
-1
226269
226270
-1
226272
226276
226290
-1
226327
-1
-1
-1
226330
-1
226337
-1
226339
226378
-1
-1
226382
-1
-1
-1
226395
-1
226397
-1
-1
226411
226433
226434
226445
-1
-1
-1
-1
-1
-1
-1
-1
-1
-1
-1
-1
-1
-1
-1
-1
-1
-1
-1
-1
-1
-1
-1
-1
-1
-1
-1
-1
-1
-1
-1
226448
-1
-1
-1
226454
-1
-1
-1
226460
-1
-1
-1
-1
-1
-1
-1
-1
226467
-1
-1
226468
226477
-1
-1
-1
-1
-1
-1
-1
-1
-1
-1
-1
-1
-1
-1
-1
-1
-1
-1
-1
-1
-1
-1
-1
-1
-1
-1
-1
-1
-1
-1
-1
-1
-1
-1
-1
-1
-1
-1
-1
-1
-1
-1
-1
-1
226478
-1
-1
-1
-1
-1
-1
-1
-1
-1
-1
-1
-1
-1
-1
-1
-1
-1
-1
-1
-1
-1
-1
-1
-1
-1
-1
-1
-1
-1
-1
-1
-1
-1
-1
-1
-1
-1
226486
226490
-1
-1
-1
-1
-1
-1
-1
-1
-1
-1
-1
-1
-1
-1
-1
-1
-1
-1
-1
-1
-1
-1
-1
-1
226495
-1
226498
226582
-1
-1
226589
226682
226683
226702
226704
226708
226875
226895
-1
226981
-1
227029
227161
227269
227296
227330
227332
-1
227333
227334
-1
-1
-1
-1
-1
-1
-1
-1
-1
-1
-1
-1
-1
-1
-1
-1
-1
-1
-1
-1
-1
-1
-1
-1
-1
-1
-1
-1
-1
-1
-1
-1
-1
-1
-1
-1
-1
-1
-1
-1
-1
-1
-1
-1
-1
-1
-1
-1
-1
-1
-1
-1
-1
-1
-1
-1
-1
-1
-1
-1
-1
-1
-1
-1
-1
-1
-1
-1
-1
-1
-1
-1
-1
-1
-1
-1
-1
-1
227335
-1
227342
227351
227372
-1
227379
227413
227425
227458
-1
227462
-1
227543
-1
227811
-1
227814
228233
228379
228408
-1
-1
228410
-1
-1
-1
-1
-1
-1
-1
-1
-1
-1
-1
-1
-1
-1
-1
-1
-1
-1
-1
-1
-1
-1
-1
-1
-1
-1
-1
-1
-1
-1
-1
-1
-1
-1
-1
-1
-1
-1
-1
-1
-1
-1
-1
-1
-1
-1
-1
-1
-1
-1
-1
-1
-1
-1
-1
-1
-1
-1
-1
-1
-1
-1
-1
-1
-1
-1
-1
-1
-1
-1
-1
-1
-1
-1
-1
-1
-1
-1
-1
-1
228432
228456
228502
228602
228624
228647
228648
228676
-1
228678
228680
228684
228762
228769
228901
228954
228979
228980
229109
229248
229380
229381
-1
229433
-1
229439
-1
-1
-1
-1
-1
-1
-1
-1
-1
-1
-1
-1
-1
-1
-1
-1
-1
-1
-1
-1
-1
-1
-1
-1
-1
-1
-1
-1
-1
-1
-1
-1
-1
-1
-1
-1
-1
-1
-1
-1
-1
-1
-1
-1
-1
-1
-1
-1
-1
-1
-1
-1
229450
-1
-1
-1
229453
-1
-1
-1
-1
-1
-1
-1
-1
-1
-1
-1
-1
-1
-1
-1
-1
-1
-1
-1
-1
-1
-1
-1
-1
-1
-1
-1
-1
-1
-1
-1
-1
-1
-1
-1
-1
-1
-1
-1
-1
-1
-1
-1
-1
-1
-1
-1
-1
-1
-1
-1
-1
-1
-1
-1
-1
-1
-1
-1
-1
-1
-1
-1
-1
-1
-1
-1
-1
-1
-1
-1
-1
-1
229454
-1
229455
229505
229507
-1
229511
-1
229518
-1
-1
229544
229724
229745
229747
-1
-1
229751
229781
229782
229803
-1
229815
-1
229832
-1
-1
-1
-1
-1
-1
-1
-1
-1
-1
-1
-1
-1
-1
-1
-1
-1
-1
-1
-1
-1
-1
-1
-1
-1
-1
-1
-1
-1
-1
-1
-1
-1
-1
-1
-1
-1
-1
-1
-1
-1
-1
-1
-1
-1
-1
-1
-1
-1
-1
-1
-1
-1
229838
229841
-1
-1
-1
-1
-1
-1
229842
-1
-1
-1
-1
-1
229843
-1
-1
-1
-1
-1
-1
-1
-1
-1
-1
-1
-1
-1
-1
-1
-1
-1
-1
-1
-1
-1
-1
-1
-1
-1
-1
-1
-1
-1
-1
-1
-1
-1
-1
-1
-1
-1
-1
-1
-1
-1
-1
-1
-1
-1
-1
-1
-1
-1
-1
-1
-1
-1
-1
-1
-1
-1
-1
-1
-1
-1
-1
-1
-1
-1
-1
-1
-1
-1
229845
-1
-1
-1
-1
229847
229930
-1
-1
-1
-1
-1
-1
-1
-1
-1
-1
-1
-1
-1
-1
-1
-1
-1
-1
-1
-1
-1
-1
-1
-1
-1
-1
-1
-1
-1
-1
-1
-1
-1
-1
-1
-1
-1
-1
-1
-1
-1
-1
-1
-1
-1
-1
-1
-1
-1
-1
-1
-1
-1
-1
-1
-1
-1
-1
-1
-1
-1
-1
-1
-1
-1
-1
-1
-1
-1
-1
-1
-1
-1
-1
-1
-1
-1
-1
-1
-1
-1
-1
-1
-1
-1
-1
-1
-1
-1
-1
-1
-1
-1
-1
-1
-1
-1
-1
-1
229931
-1
-1
-1
-1
-1
-1
-1
-1
-1
-1
-1
-1
-1
-1
-1
-1
-1
-1
-1
-1
-1
-1
-1
-1
-1
-1
-1
-1
-1
-1
-1
-1
-1
-1
-1
-1
-1
-1
-1
-1
-1
-1
-1
229937
229942
229954
229968
229994
229999
230019
230091
230104
230170
230171
230200
230297
230319
-1
230400
-1
230417
230606
230728
230862
230881
230915
230919
230945
230995
-1
-1
-1
-1
-1
-1
-1
-1
-1
-1
-1
-1
-1
-1
-1
-1
-1
-1
-1
-1
-1
-1
-1
-1
-1
-1
-1
-1
-1
-1
-1
-1
-1
-1
-1
-1
-1
-1
-1
-1
-1
-1
-1
-1
-1
-1
-1
-1
-1
-1
-1
-1
-1
-1
-1
-1
-1
-1
-1
-1
-1
-1
-1
-1
-1
-1
-1
-1
-1
-1
-1
-1
-1
-1
-1
-1
-1
-1
230997
231135
231154
231155
231180
231238
231242
231245
231246
231307
231308
231312
231379
231381
-1
231407
-1
231408
231436
231476
-1
231494
231496
-1
231497
231498
-1
-1
-1
-1
-1
-1
-1
-1
-1
-1
-1
-1
-1
-1
-1
-1
-1
-1
-1
-1
-1
-1
-1
-1
-1
-1
-1
-1
-1
-1
-1
-1
-1
-1
-1
-1
-1
-1
-1
-1
-1
-1
-1
-1
-1
-1
-1
-1
-1
-1
-1
-1
231500
-1
-1
-1
231592
-1
-1
-1
231759
-1
-1
-1
-1
-1
232115
-1
-1
-1
-1
-1
232180
-1
-1
-1
232197
-1
-1
-1
232203
232233
232276
232286
232305
-1
232333
-1
232334
232336
232441
232451
-1
232705
-1
232709
232757
232835
-1
232973
-1
-1
232976
232978
-1
-1
-1
-1
-1
-1
-1
-1
-1
-1
-1
-1
-1
-1
-1
-1
-1
-1
-1
-1
-1
-1
-1
-1
-1
-1
-1
-1
-1
-1
-1
-1
-1
-1
-1
-1
-1
-1
-1
-1
-1
-1
-1
-1
-1
-1
-1
-1
-1
-1
-1
-1
-1
-1
-1
-1
-1
-1
-1
-1
-1
-1
-1
-1
-1
-1
232991
-1
-1
-1
-1
-1
-1
-1
-1
-1
-1
-1
-1
-1
-1
-1
-1
-1
-1
-1
-1
-1
-1
-1
-1
-1
-1
-1
-1
-1
-1
-1
-1
-1
-1
-1
-1
-1
-1
-1
-1
-1
-1
-1
-1
-1
-1
-1
-1
-1
-1
-1
-1
-1
-1
-1
-1
-1
-1
-1
-1
-1
-1
-1
232993
233001
233010
233012
233018
233029
233031
-1
233034
-1
233035
233038
233083
233124
233170
233343
-1
233346
233539
233540
233545
233571
233574
-1
233582
-1
-1
-1
-1
-1
-1
-1
-1
-1
-1
-1
-1
-1
-1
-1
-1
-1
-1
-1
-1
-1
-1
-1
-1
-1
-1
-1
-1
-1
-1
-1
-1
-1
-1
-1
-1
-1
-1
-1
-1
-1
-1
-1
-1
-1
-1
-1
-1
-1
-1
-1
-1
-1
233584
-1
-1
-1
233630
-1
-1
-1
233683
-1
-1
-1
-1
-1
233754
-1
-1
-1
-1
-1
233795
-1
-1
-1
233797
-1
-1
-1
-1
-1
-1
-1
-1
-1
-1
-1
-1
-1
-1
-1
-1
-1
-1
-1
-1
-1
-1
-1
-1
-1
-1
-1
-1
-1
-1
-1
-1
-1
-1
-1
-1
-1
-1
-1
-1
-1
-1
-1
-1
-1
-1
-1
-1
-1
-1
-1
-1
-1
-1
-1
233805
233806
-1
-1
233810
-1
-1
-1
-1
233811
233818
233821
-1
233827
-1
233828
233838
233843
-1
-1
-1
-1
-1
233845
-1
-1
-1
-1
-1
-1
-1
-1
-1
-1
-1
-1
-1
-1
-1
-1
-1
-1
-1
-1
-1
-1
-1
-1
-1
-1
-1
-1
-1
-1
-1
-1
-1
-1
-1
-1
-1
-1
-1
-1
-1
-1
-1
-1
-1
-1
-1
-1
-1
-1
-1
-1
-1
-1
-1
-1
-1
-1
-1
-1
-1
-1
-1
-1
-1
-1
-1
-1
-1
-1
-1
-1
-1
-1
-1
-1
-1
-1
233850
-1
233852
233856
233857
-1
-1
-1
-1
-1
233859
233862
233864
233865
233870
233872
-1
-1
233873
-1
-1
233875
-1
-1
-1
-1
-1
-1
-1
-1
-1
-1
-1
-1
-1
-1
-1
-1
-1
-1
-1
-1
-1
-1
-1
-1
-1
-1
-1
-1
-1
-1
-1
-1
-1
-1
-1
-1
-1
-1
-1
-1
-1
-1
-1
233879
-1
-1
-1
233976
-1
-1
-1
233977
-1
-1
-1
-1
-1
-1
-1
-1
-1
-1
-1
-1
-1
-1
-1
-1
-1
-1
-1
-1
-1
-1
-1
-1
-1
-1
-1
-1
-1
-1
-1
-1
-1
-1
-1
-1
-1
-1
-1
-1
-1
-1
-1
-1
-1
-1
-1
-1
-1
-1
-1
-1
-1
-1
-1
-1
-1
-1
-1
-1
-1
-1
-1
-1
-1
-1
-1
-1
-1
-1
-1
-1
-1
-1
-1
-1
-1
-1
-1
-1
-1
-1
-1
233978
-1
-1
-1
-1
-1
-1
-1
-1
-1
-1
233979
233980
-1
-1
-1
234060
-1
-1
-1
-1
-1
-1
-1
-1
-1
-1
-1
-1
-1
-1
-1
-1
-1
-1
-1
-1
-1
-1
-1
-1
-1
-1
-1
-1
-1
-1
-1
-1
-1
-1
-1
-1
-1
-1
-1
-1
-1
-1
-1
-1
-1
-1
-1
-1
-1
-1
-1
-1
-1
-1
-1
-1
-1
-1
-1
-1
-1
-1
-1
-1
-1
-1
-1
-1
-1
-1
-1
-1
-1
-1
-1
-1
-1
-1
-1
-1
-1
-1
-1
-1
-1
-1
-1
-1
234116
-1
-1
-1
-1
-1
-1
-1
-1
-1
234118
234119
-1
234121
-1
234163
-1
-1
-1
-1
-1
-1
-1
-1
-1
-1
-1
-1
-1
-1
-1
-1
-1
-1
-1
-1
-1
-1
-1
-1
-1
-1
-1
-1
-1
-1
-1
-1
-1
-1
-1
-1
-1
-1
-1
-1
-1
-1
-1
-1
-1
-1
-1
-1
-1
-1
-1
-1
-1
-1
-1
-1
-1
-1
-1
-1
-1
-1
-1
-1
-1
-1
-1
-1
-1
-1
-1
-1
-1
-1
-1
-1
-1
-1
-1
-1
-1
-1
-1
-1
-1
-1
234164
-1
-1
-1
-1
-1
-1
-1
-1
-1
-1
-1
-1
-1
-1
-1
-1
-1
-1
-1
-1
-1
-1
-1
-1
-1
-1
-1
-1
-1
-1
-1
-1
-1
-1
-1
-1
-1
-1
-1
-1
-1
-1
-1
-1
-1
-1
-1
-1
-1
-1
-1
234165
-1
-1
-1
-1
-1
-1
-1
-1
-1
-1
-1
-1
-1
-1
-1
-1
-1
234167
-1
-1
-1
-1
-1
-1
-1
-1
-1
-1
-1
-1
-1
-1
-1
-1
-1
-1
-1
-1
-1
-1
-1
-1
-1
-1
-1
-1
-1
-1
-1
-1
-1
-1
-1
-1
-1
-1
-1
-1
-1
-1
-1
-1
-1
-1
-1
-1
-1
-1
-1
-1
-1
-1
-1
-1
-1
-1
-1
-1
-1
-1
-1
-1
-1
-1
-1
-1
-1
-1
-1
-1
-1
-1
-1
-1
-1
-1
-1
-1
-1
-1
-1
-1
-1
-1
-1
-1
-1
-1
-1
-1
-1
-1
-1
-1
-1
-1
-1
-1
-1
-1
-1
-1
-1
-1
-1
-1
-1
-1
-1
-1
-1
-1
-1
-1
-1
-1
-1
-1
-1
-1
-1
-1
-1
-1
-1
-1
-1
-1
-1
-1
-1
-1
-1
-1
-1
-1
-1
-1
-1
-1
-1
-1
-1
-1
-1
-1
-1
-1
-1
-1
-1
-1
234168
-1
-1
-1
-1
-1
-1
-1
-1
-1
-1
-1
-1
-1
-1
-1
-1
-1
-1
-1
-1
-1
-1
-1
-1
-1
-1
-1
-1
-1
-1
-1
-1
-1
-1
-1
-1
-1
-1
-1
-1
-1
-1
-1
-1
-1
-1
-1
-1
-1
-1
-1
-1
-1
-1
-1
-1
-1
-1
-1
-1
-1
-1
-1
-1
-1
-1
-1
-1
-1
-1
-1
-1
-1
-1
-1
-1
-1
-1
-1
-1
-1
-1
-1
-1
-1
-1
-1
-1
-1
-1
-1
-1
-1
-1
-1
-1
-1
234169
-1
-1
-1
234249
-1
234250
234256
-1
-1
-1
-1
-1
-1
-1
-1
-1
-1
-1
-1
-1
-1
-1
-1
-1
-1
-1
-1
-1
-1
-1
-1
-1
-1
-1
-1
-1
-1
-1
-1
-1
-1
234265
234271
234286
-1
234289
234292
234301
234316
234318
234324
234339
234347
234366
234387
234390
234405
234407
234452
234457
234465
234470
234472
234495
234496
234497
-1
-1
-1
-1
-1
-1
-1
-1
-1
-1
-1
-1
-1
-1
-1
-1
-1
-1
-1
-1
-1
-1
-1
-1
-1
-1
-1
-1
-1
-1
-1
-1
-1
-1
234499
-1
-1
-1
-1
-1
-1
-1
-1
-1
-1
-1
-1
-1
-1
-1
-1
-1
234500
-1
-1
-1
-1
-1
-1
-1
-1
-1
-1
-1
-1
-1
-1
-1
-1
-1
-1
-1
-1
-1
-1
-1
-1
-1
234502
-1
-1
234533
234535
-1
234539
-1
-1
-1
-1
234542
234591
234595
234604
234615
-1
234616
234628
234649
234655
234658
234659
234660
-1
234661
-1
-1
-1
-1
-1
-1
-1
-1
-1
-1
-1
-1
-1
-1
-1
-1
-1
-1
-1
-1
-1
-1
-1
-1
-1
-1
234665
-1
-1
-1
-1
-1
-1
-1
-1
-1
-1
-1
-1
-1
-1
-1
-1
-1
-1
-1
-1
-1
-1
-1
-1
-1
-1
-1
-1
-1
-1
-1
-1
-1
-1
-1
-1
-1
-1
-1
-1
-1
-1
-1
-1
-1
-1
-1
-1
-1
-1
-1
-1
-1
-1
234666
234671
-1
234681
-1
-1
-1
234682
234683
-1
234686
-1
234690
-1
234691
234698
234699
-1
-1
-1
-1
-1
-1
-1
-1
-1
-1
-1
-1
-1
-1
-1
-1
-1
-1
-1
-1
-1
-1
-1
-1
-1
-1
-1
-1
-1
-1
-1
-1
-1
-1
-1
-1
-1
-1
-1
-1
-1
-1
-1
-1
-1
-1
-1
-1
-1
-1
-1
-1
-1
-1
-1
-1
-1
-1
-1
-1
-1
-1
-1
-1
-1
-1
-1
-1
-1
-1
-1
-1
-1
-1
-1
-1
-1
-1
-1
-1
-1
-1
-1
-1
-1
-1
-1
-1
-1
-1
-1
-1
-1
-1
-1
-1
-1
-1
-1
-1
-1
-1
-1
-1
-1
-1
-1
-1
-1
-1
234702
-1
-1
-1
-1
-1
-1
-1
-1
-1
-1
-1
-1
-1
-1
-1
-1
-1
-1
-1
-1
-1
-1
-1
-1
-1
-1
234704
234705
234709
234713
-1
234714
234723
234728
234731
234734
234754
234762
234765
234773
-1
-1
234775
-1
234788
234792
234841
234842
234849
234850
-1
-1
-1
-1
-1
234851
-1
-1
-1
-1
-1
-1
-1
-1
-1
234852
-1
-1
-1
234855
-1
234857
-1
-1
-1
-1
-1
-1
-1
-1
-1
-1
-1
-1
-1
-1
-1
-1
-1
-1
-1
-1
-1
-1
-1
-1
-1
234858
-1
-1
-1
-1
-1
-1
-1
-1
-1
-1
-1
-1
-1
-1
-1
-1
-1
-1
-1
-1
-1
-1
-1
-1
-1
-1
-1
-1
-1
-1
-1
-1
-1
-1
-1
-1
-1
-1
-1
-1
-1
-1
-1
-1
-1
-1
-1
-1
-1
-1
-1
-1
-1
-1
-1
-1
-1
-1
-1
-1
-1
-1
-1
-1
-1
-1
-1
-1
-1
-1
-1
-1
-1
-1
-1
-1
234860
-1
-1
-1
-1
-1
-1
234875
-1
234878
-1
234890
234891
234892
234897
234898
-1
234899
234903
234907
234910
-1
-1
-1
234915
234926
234929
-1
-1
-1
-1
-1
234930
-1
-1
-1
-1
-1
-1
-1
-1
-1
-1
-1
-1
-1
-1
234932
-1
-1
-1
-1
-1
-1
-1
-1
-1
-1
-1
-1
-1
-1
-1
-1
-1
-1
-1
-1
-1
-1
-1
-1
-1
-1
-1
-1
-1
-1
-1
-1
-1
-1
-1
-1
-1
-1
-1
-1
-1
-1
-1
-1
-1
-1
-1
-1
-1
-1
-1
-1
-1
-1
-1
-1
-1
-1
-1
-1
-1
-1
-1
-1
-1
-1
-1
-1
-1
-1
-1
-1
-1
-1
-1
-1
-1
-1
-1
-1
-1
-1
-1
-1
-1
-1
-1
-1
-1
-1
-1
-1
-1
-1
-1
-1
-1
-1
-1
-1
-1
-1
-1
-1
-1
-1
-1
-1
-1
-1
-1
-1
-1
-1
-1
-1
234936
234946
234954
-1
234957
234960
-1
234963
-1
234966
234969
234972
234988
-1
235017
235042
235044
-1
235058
235061
235063
-1
235064
235065
-1
-1
-1
-1
-1
-1
-1
-1
-1
-1
-1
-1
-1
-1
-1
-1
-1
-1
-1
-1
-1
-1
-1
-1
-1
-1
-1
-1
-1
-1
-1
-1
-1
-1
-1
-1
-1
-1
-1
-1
-1
-1
-1
-1
-1
-1
-1
-1
-1
-1
-1
-1
-1
-1
-1
-1
-1
-1
-1
-1
-1
-1
-1
-1
-1
-1
-1
-1
-1
-1
-1
-1
-1
-1
-1
-1
-1
-1
-1
235067
235084
235099
235103
235105
-1
235108
235109
235110
-1
235114
235115
235122
235130
235155
235161
235173
235174
235182
235187
235190
-1
-1
-1
-1
-1
-1
-1
-1
-1
-1
-1
-1
-1
-1
-1
-1
-1
-1
-1
-1
-1
-1
-1
-1
-1
-1
-1
-1
-1
-1
-1
-1
-1
-1
-1
-1
-1
-1
-1
-1
-1
-1
-1
-1
-1
-1
-1
-1
-1
-1
-1
-1
-1
-1
-1
-1
-1
-1
-1
-1
-1
-1
-1
-1
-1
-1
-1
-1
-1
235211
-1
-1
-1
-1
-1
-1
-1
-1
-1
-1
-1
-1
-1
235212
235215
-1
-1
235220
235223
235224
235235
-1
-1
235236
235237
235239
235252
235295
235302
-1
235315
-1
235335
-1
-1
-1
-1
-1
235337
-1
-1
-1
-1
-1
-1
-1
-1
-1
-1
-1
-1
-1
-1
-1
-1
-1
-1
-1
-1
-1
-1
-1
-1
-1
-1
-1
-1
-1
-1
-1
-1
-1
-1
-1
-1
-1
-1
-1
-1
-1
-1
-1
-1
-1
-1
-1
-1
-1
-1
-1
-1
-1
-1
-1
-1
-1
-1
-1
-1
-1
-1
-1
-1
-1
-1
235341
-1
-1
-1
-1
-1
-1
-1
-1
-1
-1
-1
-1
-1
-1
-1
-1
-1
-1
-1
-1
-1
-1
-1
-1
-1
-1
-1
-1
-1
-1
-1
235342
-1
-1
-1
-1
-1
-1
-1
-1
-1
-1
-1
-1
-1
-1
-1
-1
-1
-1
-1
-1
-1
-1
-1
-1
-1
-1
-1
-1
-1
-1
-1
235344
235365
235367
235369
235372
-1
235381
235383
235386
-1
235400
235401
235412
235417
235459
235680
235681
235683
235695
-1
235702
-1
235704
-1
235705
-1
-1
-1
-1
-1
-1
-1
-1
-1
-1
-1
-1
-1
-1
-1
-1
-1
-1
-1
-1
-1
-1
-1
-1
-1
-1
-1
-1
-1
-1
-1
-1
-1
-1
-1
-1
-1
-1
-1
-1
-1
-1
-1
-1
-1
-1
-1
-1
-1
-1
-1
-1
-1
-1
-1
-1
-1
-1
-1
-1
-1
-1
-1
-1
-1
-1
-1
-1
-1
-1
-1
-1
-1
-1
-1
-1
-1
-1
-1
-1
-1
-1
-1
-1
-1
-1
-1
-1
-1
-1
-1
-1
-1
-1
-1
-1
-1
-1
-1
-1
-1
-1
-1
-1
-1
-1
-1
-1
-1
-1
-1
-1
-1
-1
-1
-1
-1
-1
-1
-1
-1
-1
-1
-1
-1
-1
-1
-1
-1
-1
-1
-1
235706
235707
235710
-1
-1
235711
-1
235713
-1
-1
235714
235721
235723
-1
235726
-1
-1
-1
235727
235728
-1
-1
-1
-1
235729
-1
-1
-1
-1
-1
-1
-1
-1
-1
-1
-1
-1
-1
-1
-1
-1
-1
-1
-1
-1
-1
-1
-1
-1
-1
-1
235730
-1
-1
-1
-1
-1
-1
-1
235731
-1
-1
-1
-1
-1
-1
-1
-1
-1
-1
-1
-1
-1
-1
-1
-1
-1
-1
-1
-1
-1
-1
-1
-1
-1
-1
-1
-1
-1
-1
-1
-1
-1
-1
-1
-1
-1
-1
-1
-1
-1
-1
-1
-1
-1
-1
-1
-1
-1
235739
-1
-1
-1
-1
-1
235834
-1
-1
-1
-1
235874
-1
235877
-1
-1
-1
-1
-1
235880
-1
-1
-1
-1
-1
-1
-1
-1
-1
-1
-1
-1
-1
-1
-1
-1
-1
-1
-1
-1
-1
-1
-1
-1
-1
-1
